Account_ID,Prediction
1000002,0.613084137439728
1000004,0.381344228982925
1000005,0.613084137439728
1000010,0.357851877808571
1000014,0.655076563358307
1000017,0.613084137439728
1000019,0.614774187405904
1000022,0.613084137439728
1000023,0.613084137439728
1000024,0.613084137439728
1000034,0.130703477188945
1000037,0.613084137439728
1000042,0.613084137439728
1000044,0.613084137439728
1000046,0.649147212505341
1000050,0.613084137439728
1000052,0.584855496883392
1000063,0.614119946956635
1000072,0.705566495656967
1000079,0.665482580661774
1000082,0.179375201463699
1000089,0.583234459161758
1000100,0.614652733008067
1000101,0.547255754470825
1000104,0.613084137439728
1000111,0.615040421485901
1000113,0.613084137439728
1000115,0.613684505224228
1000122,0.613084137439728
1000124,0.613084137439728
1000125,0.508464872837067
1000133,0.613957444826762
1000138,0.564231276512146
1000149,0.613084137439728
1000153,0.613084137439728
1000158,0.613084137439728
1000168,0.613084137439728
1000191,0.215443134307861
1000195,0.513873924811681
1000196,0.613230049610138
1000202,0.613084137439728
1000206,0.53636688987414
1000207,0.613084137439728
1000212,0.613084137439728
1000219,0.101209215819836
1000220,0.332104081908862
1000235,0.389333814382553
1000237,0.102799206972122
1000240,0.613084137439728
1000249,0.613258838653564
1000253,0.613084137439728
1000258,0.551493942737579
1000273,0.637270867824554
1000274,0.613084137439728
1000275,0.613084137439728
1000280,0.560689121484756
1000283,0.295282572507858
1000287,0.613747000694275
1000292,0.13575338323911
1000303,0.613084137439728
1000304,0.613084137439728
1000306,0.0655554719269276
1000310,0.613084137439728
1000312,0.592873096466064
1000314,0.00715235248208046
1000316,0.613177895545959
1000320,0.515495856602987
1000353,0.613084137439728
1000359,0.630895495414734
1000366,0.610313802957535
1000381,0.408561170101166
1000382,0.613084137439728
1000383,0.613084137439728
1000384,0.613084137439728
1000396,0.613084137439728
1000399,0.613084137439728
1000404,0.619909524917603
1000407,0.613084137439728
1000423,0.315872222185135
1000444,0.613084137439728
1000445,0.581976413726807
1000449,0.613084137439728
1000452,0.576501548290253
1000457,0.613925397396088
1000459,0.613102793693542
1000465,0.0580378845334053
1000474,0.613084137439728
1000475,0.613084137439728
1000483,0.613084137439728
1000491,0.530819654464722
1000499,0.613084137439728
1000500,0.644369880358378
1000502,0.613084137439728
1000505,0.613084137439728
1000507,0.601175546646118
1000520,0.566964149475098
1000533,0.613970696926117
1000535,0.601871152718862
1000539,0.613084137439728
1000542,0.605823457241058
1000545,0.490509937206904
1000552,0.507602473100026
1000554,0.617265343666077
1000556,0.681518912315369
1000558,0.613084137439728
1000559,0.613084137439728
1000560,0.613084137439728
1000561,0.126976203173399
1000563,0.613084137439728
1000570,0.613538533449173
1000573,0.613179743289948
1000574,0.379148115714391
1000582,0.613084137439728
1000587,0.613084137439728
1000589,0.26310870051384
1000592,0.6152104139328
1000594,0.619932651519775
1000600,0.613084137439728
1000609,0.61332780122757
1000610,0.378599062561989
1000619,0.46500289440155
1000623,0.610646992921829
1000630,0.613084137439728
1000637,0.325258433818817
1000641,0.613084137439728
1000645,0.193990424275398
1000647,0.615785956382751
1000648,0.613084137439728
1000653,0.613591412703196
1000656,0.614476422468821
1000661,0.613084137439728
1000662,0.61073511838913
1000673,0.613084137439728
1000678,0.613852580388387
1000679,0.658586382865906
1000681,0.613084137439728
1000683,0.0213790163397789
1000684,0.613367676734924
1000685,0.613084137439728
1000696,0.6148561835289
1000702,0.562054375807444
1000705,0.682121276855469
1000706,0.613084137439728
1000708,0.0925791263580322
1000712,0.613084137439728
1000723,0.613084137439728
1000731,0.613084137439728
1000733,0.613114684820175
1000735,0.188524469733238
1000745,0.613084137439728
1000752,0.213446681698163
1000753,0.615792274475098
1000756,0.613084137439728
1000759,0.613084137439728
1000765,0.613084137439728
1000766,0.613567034403483
1000779,0.613084137439728
1000783,0.707207947969437
1000789,0.606246918439865
1000791,0.565811812877655
1000794,0.613084137439728
1000797,0.527571827173233
1000799,0.613084137439728
1000800,0.613084137439728
1000802,0.613084137439728
1000811,0.524766872326533
1000813,0.614226907491684
1000817,0.614067455132802
1000819,0.613084137439728
1000823,0.434715926647186
1000825,0.613084137439728
1000827,0.598832388718923
1000834,0.613084137439728
1000835,0.613084137439728
1000837,0.613084137439728
1000838,0.541190713644028
1000843,0.613850673039754
1000844,0.615657567977905
1000851,0.608944118022919
1000862,0.22038908302784
1000864,0.613084137439728
1000865,0.725121776262919
1000868,0.613084137439728
1000872,0.613988041877747
1000873,0.613084137439728
1000876,0.613084137439728
1000877,0.613084137439728
1000883,0.621037085851034
1000887,0.613084137439728
1000892,0.352294057607651
1000894,0.531498730182648
1000897,0.615427702665329
1000898,0.613084137439728
1000903,0.613084137439728
1000907,0.551977097988129
1000912,0.496648192405701
1000913,0.613084137439728
1000919,0.615103781223297
1000924,0.613084137439728
1000931,0.61445814371109
1000932,0.561992228031158
1000939,0.514492084582647
1000941,0.613084137439728
1000942,0.613167842229207
1000954,0.613084137439728
1000956,0.613084137439728
1000957,0.613084137439728
1000962,0.613483250141144
1000973,0.613084137439728
1000977,0.613084137439728
1000980,0.615780174732208
1000981,0.613084137439728
1000986,0.428781405091286
1000992,0.613084137439728
1000998,0.615137934684753
1000999,0.5056478480498
1001001,0.550225540995598
1001002,0.562643130620321
1001003,0.648716568946838
1001007,0.613084137439728
1001018,0.279890691240629
1001019,0.613084137439728
1001024,0.632042527198792
1001026,0.613084137439728
1001028,0.613084137439728
1001030,0.608302772045135
1001032,0.613084137439728
1001034,0.00490331363592607
1001037,0.552759662270546
1001047,0.614787737528483
1001049,0.0511421393603086
1001060,0.613084137439728
1001063,0.615918219089508
1001067,0.614591002464294
1001068,0.613084137439728
1001072,0.613084137439728
1001074,0.531797597805659
1001077,0.691353380680084
1001085,0.718911379575729
1001087,0.615549623966217
1001088,0.244094707071781
1001095,0.300966774423917
1001096,0.616352677345276
1001098,0.613084137439728
1001104,0.613084137439728
1001107,0.613613545894623
1001109,0.549304713805517
1001110,0.613084137439728
1001112,0.644625147183736
1001123,0.613084137439728
1001125,0.613656481107076
1001127,0.433394720156987
1001133,0.613084137439728
1001135,0.538251926501592
1001136,0.613084137439728
1001139,0.613084137439728
1001141,0.613084137439728
1001143,0.613955199718475
1001145,0.613084137439728
1001153,0.613084137439728
1001156,0.613084137439728
1001161,0.169209521263838
1001165,0.613084137439728
1001172,0.560834636290868
1001174,0.613084137439728
1001179,0.613084137439728
1001183,0.613084137439728
1001186,0.458109095692635
1001192,0.102137304842472
1001194,0.614831288655599
1001199,0.613523602485657
1001201,0.613084137439728
1001208,0.613084137439728
1001214,0.613084137439728
1001215,0.343558587133884
1001221,0.613084137439728
1001225,0.619396428267161
1001229,0.0390964510540167
1001234,0.613084137439728
1001240,0.254543073475361
1001245,0.484365110596021
1001246,0.613826483488083
1001253,0.613084137439728
1001258,0.636153966188431
1001259,0.613084137439728
1001263,0.426542152961095
1001264,0.856952170530955
1001270,0.589970350265503
1001271,0.613084137439728
1001273,0.613084137439728
1001274,0.211984798312187
1001279,0.613084137439728
1001280,0.602104872465134
1001282,0.272419273853302
1001287,0.617060959339142
1001289,0.613084137439728
1001292,0.081416929140687
1001294,0.266914054751396
1001296,0.613084137439728
1001306,0.613084137439728
1001312,0.613935023546219
1001318,0.253225803375244
1001320,0.613084137439728
1001322,0.613084137439728
1001323,0.543873329957326
1001324,0.613084137439728
1001326,0.336765199899673
1001327,0.12974151596427
1001330,0.246933177113533
1001331,0.614160597324371
1001334,0.613084137439728
1001335,0.0925864428281784
1001337,0.609540075063705
1001341,0.494641840457916
1001342,0.605888336896896
1001345,0.564334472020467
1001349,0.506706148386002
1001350,0.613084137439728
1001354,0.613084137439728
1001357,0.613084137439728
1001359,0.659905215104421
1001364,0.581146319707235
1001370,0.289631595214208
1001372,0.613084137439728
1001376,0.827422440052032
1001377,0.616048375765483
1001383,0.563701450824738
1001386,0.613084137439728
1001387,0.613084137439728
1001391,0.613084137439728
1001392,0.322816953063011
1001393,0.613084137439728
1001394,0.0376660972833633
1001401,0.611556679010391
1001404,0.161076679825783
1001406,0.526459395885468
1001413,0.613084137439728
1001423,0.707681755224864
1001424,0.584140996138255
1001425,0.613084137439728
1001428,0.613084137439728
1001431,0.492108851671219
1001432,0.613084137439728
1001433,0.6160928606987
1001434,0.615335017442703
1001436,0.550825729966164
1001437,0.614788234233856
1001438,0.610571066538493
1001442,0.196329645812511
1001444,0.165457524359226
1001445,0.613084137439728
1001446,0.613084137439728
1001448,0.673117597897848
1001450,0.57845946153005
1001451,0.60588276386261
1001453,0.613084137439728
1001457,0.613084137439728
1001458,0.599237829446793
1001461,0.560779631137848
1001462,0.599965671698252
1001465,0.527365729212761
1001466,0.621799608071645
1001468,0.507779955863953
1001469,0.143415614962578
1001470,0.267025619745255
1001477,0.613176206747691
1001480,0.071516993145148
1001482,0.613084137439728
1001484,0.613084137439728
1001485,0.344817504286766
1001487,0.613084137439728
1001492,0.289104650417964
1001494,0.613084137439728
1001497,0.613084137439728
1001500,0.199549615383148
1001501,0.521014779806137
1001502,0.613084137439728
1001509,0.519005020459493
1001516,0.282078564167023
1001518,0.613084137439728
1001522,0.613084137439728
1001523,0.589436153570811
1001527,0.64938485622406
1001530,0.613084137439728
1001532,0.613084137439728
1001535,0.401958684126536
1001537,0.30016927421093
1001538,0.707917094230652
1001539,0.613084137439728
1001540,0.613756676514943
1001547,0.918799658616384
1001548,0.613084137439728
1001549,0.478885352611542
1001551,0.182032205164433
1001556,0.678556680679321
1001568,0.613084137439728
1001570,0.613084137439728
1001572,0.613084137439728
1001574,0.613084137439728
1001581,0.613084137439728
1001582,0.582538763682047
1001583,0.126465501263738
1001584,0.613084137439728
1001585,0.368367105722427
1001588,0.613084137439728
1001592,0.301913112401962
1001595,0.0315512306988239
1001596,0.613084137439728
1001607,0.179592996835709
1001612,0.613881905873617
1001615,0.142547037452459
1001617,0.119631339795887
1001618,0.613272607326508
1001619,0.615280369917552
1001622,0.613084137439728
1001623,0.613084137439728
1001624,0.504009892543157
1001629,0.613084137439728
1001630,0.613084137439728
1001635,0.0275859804823995
1001645,0.613394459088643
1001649,0.613084137439728
1001653,0.61273584763209
1001654,0.592758655548096
1001655,0.204809576272964
1001657,0.606175422668457
1001658,0.613084137439728
1001661,0.613084137439728
1001662,0.576946377754211
1001670,0.216845486313105
1001671,0.613084137439728
1001672,0.661091287930807
1001673,0.623451789220174
1001674,0.40172357360522
1001676,0.613205313682556
1001678,0.613084137439728
1001679,0.613084137439728
1001681,0.613084137439728
1001683,0.613084137439728
1001687,0.613084137439728
1001689,0.252378985285759
1001692,0.613084137439728
1001693,0.306376665830612
1001703,0.553066372871399
1001705,0.613084137439728
1001706,0.613176912069321
1001708,0.561814030011495
1001709,0.51383051276207
1001711,0.506384700536728
1001712,0.414684494336446
1001713,0.613084137439728
1001714,0.613084137439728
1001715,0.575316071510315
1001716,0.616500407457352
1001724,0.628728777170181
1001729,0.622941136360168
1001731,0.00905045960098505
1001732,0.613084137439728
1001733,0.774471680323283
1001735,0.613084137439728
1001737,0.608721911907196
1001738,0.613084137439728
1001740,0.509350508451462
1001741,0.438692977031072
1001745,0.322402978936831
1001752,0.427592292428017
1001755,0.0964415520429611
1001759,0.415894508361816
1001763,0.613084137439728
1001766,0.0127845006063581
1001783,0.613084137439728
1001784,0.591864109039307
1001786,0.46260271469752
1001787,0.613084137439728
1001790,0.613084137439728
1001791,0.185564428567886
1001792,0.585252483685811
1001793,0.613084137439728
1001796,0.436110536257426
1001798,0.489862352609634
1001801,0.613420635461807
1001802,0.613084137439728
1001806,0.636920630931854
1001809,0.265860877931118
1001810,0.0507993921637535
1001813,0.613084137439728
1001816,0.613084137439728
1001823,0.613084137439728
1001825,0.586011707782745
1001829,0.613084137439728
1001830,0.613084137439728
1001833,0.613084137439728
1001838,0.608241498470306
1001840,0.613332688808441
1001841,0.547292937835058
1001847,0.613084137439728
1001848,0.165649217863878
1001850,0.613084137439728
1001851,0.643330077330271
1001853,0.613084137439728
1001856,0.613084137439728
1001858,0.613084137439728
1001859,0.469411452611287
1001864,0.499599993228912
1001867,0.613256514072418
1001870,0.506160626808802
1001871,0.513445898890495
1001874,0.613084137439728
1001875,0.613084137439728
1001877,0.504821553826332
1001878,0.621910274028778
1001879,0.613084137439728
1001884,0.493549933036168
1001891,0.613084137439728
1001892,0.441805794835091
1001893,0.613084137439728
1001895,0.0129309482872486
1001896,0.614229768514633
1001897,0.613084137439728
1001898,0.572526802619298
1001902,0.547039777040482
1001909,0.397370606660843
1001914,0.313303023576736
1001917,0.613084137439728
1001919,0.580043335755666
1001922,0.432335545619329
1001924,0.376195877790451
1001925,0.613288044929504
1001926,0.613084137439728
1001928,0.613084137439728
1001929,0.536358773708344
1001932,0.613084137439728
1001934,0.569235622882843
1001937,0.613084137439728
1001940,0.592160046100616
1001943,0.600676864385605
1001944,0.616219371557236
1001946,0.613084137439728
1001947,0.613084137439728
1001952,0.431044240792592
1001961,0.719953238964081
1001962,0.613084137439728
1001965,0.60216365257899
1001971,0.615233421325684
1001974,0.613084137439728
1001976,0.613084137439728
1001979,0.613084137439728
1001980,0.444994082053502
1001982,0.617834806442261
1001986,0.249783396720886
1001993,0.613084137439728
1001994,0.474681208531062
1001996,0.613084137439728
1002000,0.613879263401031
1002003,0.613084137439728
1002006,0.603506326675415
1002007,0.212264269590378
1002009,0.270327498515447
1002019,0.18393050134182
1002023,0.613084137439728
1002024,0.613084137439728
1002025,0.613084137439728
1002027,0.507191826899846
1002028,0.649123430252075
1002032,0.636814773082733
1002035,0.613084137439728
1002039,0.590243438879649
1002041,0.614657253026962
1002045,0.510688702265422
1002047,0.567375361919403
1002054,0.23527766764164
1002055,0.579318881034851
1002056,0.613258560498556
1002063,0.613084137439728
1002064,0.613084137439728
1002070,0.446037024259567
1002075,0.614155948162079
1002076,0.687303125858307
1002081,0.613084137439728
1002086,0.613084137439728
1002087,0.553871889909109
1002088,0.614204903443654
1002089,0.555098632971446
1002090,0.613084137439728
1002091,0.613084137439728
1002092,0.582176327705383
1002097,0.613084137439728
1002111,0.619741340478261
1002112,0.623122950394948
1002113,0.236537208159765
1002114,0.176762126386166
1002117,0.683001309633255
1002123,0.613084137439728
1002127,0.613084137439728
1002131,0.613295257091522
1002132,0.567073891560237
1002133,0.613084137439728
1002135,0.17633173118035
1002137,0.426623702049255
1002138,0.613084137439728
1002141,0.608864367008209
1002146,0.613796353340149
1002148,0.39147475361824
1002150,0.613084137439728
1002154,0.538103058934212
1002156,0.0857273861765862
1002157,0.613084137439728
1002161,0.614352822303772
1002170,0.495119825005531
1002171,0.613084137439728
1002172,0.594158907731374
1002182,0.613084137439728
1002189,0.613084137439728
1002194,0.615457971890767
1002198,0.613084137439728
1002199,0.0314777931198478
1002201,0.247992753982544
1002202,0.0799048704405626
1002204,0.613084137439728
1002206,0.598637064297994
1002207,0.613084137439728
1002208,0.613084137439728
1002209,0.587120890617371
1002212,0.613084137439728
1002217,0.613084137439728
1002218,0.410786946614583
1002220,0.613084137439728
1002225,0.581936677296956
1002226,0.550515428185463
1002227,0.382571667432785
1002230,0.526232749223709
1002239,0.466382602850596
1002243,0.255803644657135
1002244,0.00710029015317559
1002245,0.580695986747742
1002249,0.556120415528615
1002252,0.459278598427773
1002253,0.613084137439728
1002255,0.613084137439728
1002257,0.613084137439728
1002259,0.304926211635272
1002262,0.61388357480367
1002263,0.29040997227033
1002265,0.577574908733368
1002267,0.560255020856857
1002268,0.128010824322701
1002271,0.3227415929238
1002272,0.613084137439728
1002276,0.614449679851532
1002278,0.258561044931412
1002279,0.613084137439728
1002284,0.613084137439728
1002286,0.613084137439728
1002292,0.560549795627594
1002297,0.613084137439728
1002301,0.613084137439728
1002304,0.826862424612045
1002307,0.625120103359222
1002310,0.526133388280869
1002312,0.613751729329427
1002314,0.613772928714752
1002315,0.613084137439728
1002316,0.568530142307281
1002318,0.183802992105484
1002322,0.589106678962708
1002324,0.575402478377024
1002325,0.613084137439728
1002327,0.685531854629517
1002330,0.613084137439728
1002334,0.613084137439728
1002335,0.319731280207634
1002337,0.562718212604523
1002338,0.613918364048004
1002339,0.613084137439728
1002343,0.613084137439728
1002345,0.0701058455742896
1002347,0.613084137439728
1002355,0.73450779914856
1002358,0.445026129484177
1002360,0.554356887936592
1002361,0.613084137439728
1002366,0.0394002450630069
1002370,0.602353066205978
1002372,0.613084137439728
1002376,0.597632129987081
1002379,0.604142645994822
1002381,0.613084137439728
1002384,0.613084137439728
1002392,0.613320569197337
1002394,0.613084137439728
1002399,0.476636633276939
1002409,0.613084137439728
1002419,0.613084137439728
1002420,0.625264227390289
1002421,0.613084137439728
1002433,0.615469455718994
1002436,0.0691616609692574
1002437,0.260371426741282
1002439,0.462998449802399
1002442,0.199910258253415
1002444,0.395809322595596
1002446,0.00865893461741507
1002448,0.613084137439728
1002450,0.318678021430969
1002456,0.473527401685715
1002457,0.613084137439728
1002460,0.613084137439728
1002461,0.634385168552399
1002465,0.341913610696793
1002474,0.565081169207891
1002475,0.613084137439728
1002476,0.423762559890747
1002477,0.618330836296082
1002487,0.608622511227926
1002488,0.613084137439728
1002490,0.615149299303691
1002491,0.613084137439728
1002500,0.613084137439728
1002501,0.516725063323975
1002503,0.480589866638184
1002504,0.613084137439728
1002509,0.466958776116371
1002512,0.383965214093526
1002513,0.70374862353007
1002515,0.112221822142601
1002516,0.623617619276047
1002517,0.458301156759262
1002519,0.617404460906982
1002520,0.59167093038559
1002522,0.6029398838679
1002526,0.568858087062836
1002529,0.444297805428505
1002531,0.208635792136192
1002532,0.500577226281166
1002541,0.617490688959757
1002545,0.499430820345879
1002547,0.469578971465429
1002550,0.614568034807841
1002554,0.613084137439728
1002556,0.166639397541682
1002557,0.445813884337743
1002566,0.613084137439728
1002568,0.61631582180659
1002571,0.0656534706552823
1002572,0.663475553194682
1002574,0.322845868766308
1002577,0.613084137439728
1002582,0.616526395082474
1002585,0.613084137439728
1002594,0.447784543037415
1002597,0.655635893344879
1002598,0.613084137439728
1002599,0.613084137439728
1002605,0.613084137439728
1002606,0.56012894709905
1002607,0.169252876192331
1002609,0.613084137439728
1002611,0.357120354970296
1002618,0.217559263110161
1002620,0.0126196127384901
1002621,0.583684722582499
1002622,0.613084137439728
1002624,0.45657139023145
1002625,0.564184010028839
1002633,0.566161692142487
1002636,0.613084137439728
1002645,0.614318430423737
1002647,0.53630526860555
1002648,0.613084137439728
1002651,0.481219331423442
1002655,0.613084137439728
1002656,0.542320400476456
1002662,0.488092223803202
1002667,0.613084137439728
1002669,0.270791014035543
1002673,0.635170718034109
1002678,0.449870551625888
1002679,0.508742600679398
1002681,0.613809823989868
1002683,0.581580698490143
1002686,0.330922190099955
1002689,0.414785345395406
1002691,0.613084137439728
1002693,0.375417868296305
1002694,0.613084137439728
1002696,0.342336982488632
1002700,0.614329973856608
1002701,0.613220989704132
1002704,0.571207940578461
1002705,0.613084137439728
1002707,0.592990577220917
1002708,0.613084137439728
1002715,0.62752428650856
1002717,0.490912924210231
1002718,0.611995160579681
1002719,0.613084137439728
1002721,0.613084137439728
1002722,0.613084137439728
1002723,0.442557672659556
1002726,0.613084137439728
1002728,0.563625752925873
1002730,0.613084137439728
1002731,0.314581632614136
1002734,0.645564317703247
1002738,0.613084137439728
1002739,0.551690131425858
1002741,0.647966325283051
1002743,0.316778779029846
1002751,0.582006613413493
1002752,0.553306251764297
1002753,0.489459291100502
1002755,0.529981960852941
1002758,0.46503151456515
1002759,0.464544177055359
1002760,0.613084137439728
1002765,0.605186442534129
1002768,0.613084137439728
1002770,0.627408534288406
1002774,0.61925478776296
1002780,0.41081877052784
1002782,0.0843320203324159
1002783,0.613084137439728
1002786,0.301649302244186
1002787,0.433998763561249
1002788,0.5915167927742
1002790,0.613084137439728
1002791,0.613084137439728
1002793,0.60017983118693
1002808,0.519677182038625
1002810,0.613718211650848
1002812,0.489216506481171
1002818,0.557445585727692
1002819,0.737827241420746
1002828,0.613084137439728
1002829,0.614722311496735
1002830,0.613084137439728
1002837,0.24600575864315
1002839,0.613084137439728
1002841,0.636197706063588
1002842,0.295535951852798
1002843,0.215298861265182
1002850,0.538119167089462
1002852,0.613084137439728
1002860,0.642301658789317
1002861,0.613084137439728
1002868,0.628808319568634
1002870,0.614327609539032
1002871,0.39833923180898
1002875,0.52047798037529
1002878,0.600137650966644
1002879,0.731630980968475
1002883,0.613261938095093
1002884,0.596507489681244
1002886,0.217468615621328
1002892,0.613084137439728
1002895,0.558526664972305
1002897,0.613084137439728
1002899,0.518589690327644
1002913,0.613084137439728
1002916,0.540968865156174
1002919,0.421558812260628
1002921,0.613084137439728
1002922,0.568180561065674
1002925,0.613733371098836
1002926,0.247135246793429
1002927,0.557846188545227
1002928,0.613084137439728
1002935,0.564173807700475
1002938,0.619949082533518
1002942,0.613084137439728
1002946,0.488051742315292
1002948,0.613084137439728
1002949,0.628941655158997
1002952,0.201167203485966
1002953,0.421969369053841
1002954,0.542188227176666
1002962,0.613084137439728
1002965,0.615320295095444
1002967,0.0921701155602932
1002968,0.613946139812469
1002969,0.643470108509064
1002971,0.613084137439728
1002973,0.614329755306244
1002975,0.581567585468292
1002976,0.23366937537988
1002984,0.271831721067429
1002985,0.613084137439728
1002989,0.0465788170695305
1002991,0.617400944232941
1002992,0.0973112192004919
1002994,0.606701632340749
1002996,0.613084137439728
1003002,0.613084137439728
1003004,0.613112926483154
1003011,0.613184571266174
1003020,0.27296615143617
1003021,0.607718616724014
1003023,0.594541370868683
1003026,0.613084137439728
1003028,0.125043716281652
1003030,0.520514150460561
1003031,0.613127291202545
1003036,0.486524244149526
1003037,0.613084137439728
1003038,0.566584904988607
1003039,0.0185975696270665
1003044,0.514643559853236
1003045,0.613084137439728
1003052,0.613084137439728
1003053,0.613084137439728
1003054,0.446851551532745
1003056,0.613084137439728
1003058,0.613084137439728
1003059,0.272373422980309
1003061,0.613084137439728
1003065,0.613084137439728
1003070,0.613084137439728
1003075,0.613084137439728
1003079,0.251930659015973
1003082,0.147770896553993
1003086,0.0388837100472301
1003089,0.613084137439728
1003091,0.613084137439728
1003095,0.613084137439728
1003096,0.613084137439728
1003099,0.188052622290949
1003101,0.608114689588547
1003103,0.540756344795227
1003106,0.543428242206573
1003107,0.627832631270091
1003120,0.595869421958923
1003122,0.629720528920492
1003128,0.752985060214996
1003129,0.613084137439728
1003130,0.59614630540212
1003132,0.613084137439728
1003133,0.244955621659756
1003139,0.468537996212641
1003143,0.204361880819003
1003151,0.613084137439728
1003152,0.103968468805154
1003153,0.613940020402273
1003155,0.613084137439728
1003158,0.251995235681534
1003160,0.567579726378123
1003165,0.613084137439728
1003169,0.613108396530151
1003172,0.617346306641897
1003173,0.36521053314209
1003175,0.278097997109095
1003179,0.503751118977865
1003181,0.613084137439728
1003182,0.584270656108856
1003187,0.613755226135254
1003188,0.613084137439728
1003189,0.696285665035248
1003192,0.413212209939957
1003193,0.459237496058146
1003201,0.613084137439728
1003204,0.641409019629161
1003205,0.338830202817917
1003206,0.613084137439728
1003208,0.304677431782087
1003209,0.613084137439728
1003210,0.613084137439728
1003211,0.581093847751617
1003212,0.624789595603943
1003215,0.574179708957672
1003216,0.613084137439728
1003223,0.613084137439728
1003224,0.574447194735209
1003226,0.613084137439728
1003227,0.241351902484894
1003231,0.613084137439728
1003232,0.613084137439728
1003234,0.634947538375854
1003236,0.715118865172068
1003237,0.613084137439728
1003240,0.503948569297791
1003247,0.584129432837168
1003260,0.0985410921275616
1003262,0.577118784189224
1003266,0.482308954000473
1003267,0.630548119544983
1003268,0.446530709664027
1003269,0.613084137439728
1003271,0.613084137439728
1003273,0.613084137439728
1003281,0.497380842765172
1003287,0.613084137439728
1003288,0.613084137439728
1003289,0.420035004615784
1003291,0.196331609040499
1003294,0.613084137439728
1003295,0.613084137439728
1003302,0.613084137439728
1003312,0.613084137439728
1003315,0.551755885283152
1003319,0.613084137439728
1003321,0.559018552303314
1003322,0.387953042984009
1003323,0.613084137439728
1003327,0.189081057906151
1003328,0.613084137439728
1003332,0.613084137439728
1003336,0.381379440426826
1003340,0.634461601575216
1003341,0.613084137439728
1003342,0.529761880636215
1003343,0.137958973646164
1003345,0.320840974648794
1003347,0.613084137439728
1003350,0.613084137439728
1003353,0.561712563037872
1003354,0.613084137439728
1003355,0.613084137439728
1003356,0.383801996707916
1003358,0.515901188055674
1003359,0.613084137439728
1003362,0.614477783441544
1003364,0.157991126179695
1003365,0.137556033208966
1003366,0.613084137439728
1003367,0.613084137439728
1003370,0.581838846206665
1003371,0.613084137439728
1003378,0.46748748421669
1003379,0.565941264232
1003381,0.454794928431511
1003383,0.614242106676102
1003386,0.495213031768799
1003395,0.613084137439728
1003397,0.613084137439728
1003398,0.601682821909587
1003401,0.553994059562683
1003403,0.613084137439728
1003405,0.220129345854123
1003406,0.155733749270439
1003409,0.613084137439728
1003412,0.613084137439728
1003413,0.390380243460337
1003414,0.613084137439728
1003415,0.567227900028229
1003427,0.613084137439728
1003428,0.539274901151657
1003436,0.613084137439728
1003439,0.337598547339439
1003441,0.155877664685249
1003447,0.606104373931885
1003454,0.444444239139557
1003455,0.239406958222389
1003458,0.216075465083122
1003461,0.661465207735697
1003462,0.613084137439728
1003466,0.613084137439728
1003471,0.491096258163452
1003474,0.613084137439728
1003476,0.61368199189504
1003477,0.613084137439728
1003480,0.544922947883606
1003485,0.613084137439728
1003487,0.615624248981476
1003489,0.613084137439728
1003492,0.326635763049126
1003494,0.619680315256119
1003495,0.563009063402812
1003506,0.393380562464396
1003507,0.165701769292355
1003509,0.320013950268428
1003510,0.424606690804164
1003511,0.321645428737005
1003513,0.614314258098602
1003519,0.234639729062716
1003522,0.610344380140305
1003523,0.613084137439728
1003524,0.615195691585541
1003525,0.614774286746979
1003527,0.58852223555247
1003529,0.613084137439728
1003535,0.489811599254608
1003539,0.613084137439728
1003542,0.613084137439728
1003544,0.354388366142909
1003545,0.613084137439728
1003547,0.563958287239075
1003550,0.613084137439728
1003556,0.596499045689901
1003558,0.290689791242282
1003560,0.613129734992981
1003561,0.193612366914749
1003569,0.0162070132791996
1003572,0.542460103829702
1003577,0.613909661769867
1003579,0.571155925591787
1003586,0.601188778877258
1003587,0.613084137439728
1003593,0.613084137439728
1003595,0.321288933356603
1003600,0.613084137439728
1003604,0.0310668405145407
1003607,0.613084137439728
1003609,0.613084137439728
1003611,0.339264169335365
1003612,0.613084137439728
1003613,0.594736059506734
1003619,0.613084137439728
1003620,0.268597215414047
1003621,0.279117494821548
1003623,0.0738237649202347
1003625,0.268836413820585
1003629,0.768949429194132
1003631,0.155360653996468
1003632,0.615840435028076
1003634,0.646657228469849
1003637,0.521775782108307
1003639,0.0927905924618244
1003642,0.613417824109395
1003651,0.605959216753642
1003655,0.566531926393509
1003656,0.290880799293518
1003659,0.613084137439728
1003668,0.613084137439728
1003671,0.672787805398305
1003672,0.613084137439728
1003674,0.613084137439728
1003677,0.613692432641983
1003678,0.140334635972977
1003681,0.488919337590535
1003682,0.24290040632089
1003683,0.613084137439728
1003684,0.610615879297256
1003686,0.637081503868103
1003693,0.613220274448395
1003698,0.613084137439728
1003702,0.614819020032883
1003705,0.613084137439728
1003708,0.601305931806564
1003710,0.49207878112793
1003714,0.568346321582794
1003716,0.615263640880585
1003721,0.613084137439728
1003722,0.471187546849251
1003728,0.524714122215907
1003729,0.366207361221313
1003730,0.548462331295013
1003732,0.613084137439728
1003738,0.617575824260712
1003746,0.613084137439728
1003752,0.397576689720154
1003756,0.60345795750618
1003757,0.472389101982117
1003758,0.573558300733566
1003759,0.613392372926076
1003760,0.613084137439728
1003765,0.489203045765559
1003779,0.612049728631973
1003781,0.613084137439728
1003785,0.612992227077484
1003788,0.613084137439728
1003789,0.578006486097972
1003790,0.603730708360672
1003793,0.613084137439728
1003796,0.595121681690216
1003805,0.201076939702034
1003806,0.597735981146495
1003807,0.613084137439728
1003809,0.613084137439728
1003810,0.613084137439728
1003811,0.084506168961525
1003815,0.347175892442465
1003816,0.130924781163534
1003818,0.418482681115468
1003819,0.613084137439728
1003823,0.613205879926682
1003824,0.437315225601196
1003828,0.613084137439728
1003830,0.412756904959679
1003833,0.613084137439728
1003840,0.613423705101013
1003842,0.471900433301926
1003845,0.543996016184489
1003850,0.613084137439728
1003852,0.613084137439728
1003860,0.556676506996155
1003862,0.548996239900589
1003869,0.613084137439728
1003870,0.613084137439728
1003872,0.613084137439728
1003874,0.583234508832296
1003876,0.613084137439728
1003877,0.556735247373581
1003878,0.0367245003581047
1003879,0.613084137439728
1003881,0.0188973710561792
1003887,0.569290677706401
1003889,0.613084137439728
1003891,0.613084137439728
1003894,0.185741310318311
1003898,0.613084137439728
1003899,0.613084137439728
1003900,0.613084137439728
1003908,0.462863683700562
1003912,0.613084137439728
1003921,0.613084137439728
1003925,0.613084137439728
1003929,0.534338504076004
1003931,0.530051867167155
1003934,0.613966554403305
1003940,0.613084137439728
1003951,0.587510287761688
1003953,0.173370137810707
1003955,0.649152308702469
1003958,0.640216529369354
1003960,0.602343440055847
1003965,0.131075538694859
1003969,0.613084137439728
1003972,0.24136554201444
1003978,0.604894161224365
1003984,0.613084137439728
1003990,0.369320154190063
1003992,0.613163411617279
1003994,0.335417151451111
1004003,0.613084137439728
1004014,0.613084137439728
1004015,0.453166246414185
1004019,0.614065945148468
1004026,0.61465839544932
1004027,0.616493165493011
1004028,0.283473222206036
1004032,0.613084137439728
1004033,0.60670417547226
1004035,0.691867411136627
1004036,0.513484820723534
1004037,0.574243525664012
1004038,0.613433063030243
1004040,0.580872356891632
1004046,0.570204039414724
1004049,0.949950277805328
1004052,0.613084137439728
1004055,0.5564945936203
1004057,0.614550411701202
1004061,0.534969657659531
1004062,0.613273799419403
1004063,0.410973191261292
1004065,0.595331112543742
1004068,0.615399181842804
1004072,0.58963930606842
1004074,0.602567652861277
1004078,0.294629906614621
1004080,0.527461111545563
1004081,0.626139799753825
1004084,0.613084137439728
1004086,0.449611852566401
1004089,0.613084137439728
1004094,0.449517965316772
1004097,0.613084137439728
1004099,0.125052178899447
1004100,0.613084137439728
1004104,0.604080975055695
1004105,0.613254070281982
1004108,0.613084137439728
1004109,0.613191922505697
1004110,0.613084137439728
1004112,0.655133813619614
1004114,0.047543336947759
1004116,0.613084137439728
1004117,0.613084137439728
1004118,0.613084137439728
1004123,0.613084137439728
1004125,0.534194608529409
1004126,0.608531147241592
1004128,0.613084137439728
1004131,0.620921989281972
1004132,0.613084137439728
1004134,0.613084137439728
1004138,0.613084137439728
1004139,0.613487243652344
1004140,0.747375845909119
1004142,0.613084137439728
1004146,0.613084137439728
1004152,0.613084137439728
1004155,0.118461038917303
1004156,0.613084137439728
1004158,0.613084137439728
1004160,0.401884774367015
1004161,0.336230173707008
1004165,0.613084137439728
1004168,0.693685213724772
1004169,0.613084137439728
1004173,0.564136922359467
1004174,0.613084137439728
1004175,0.613084137439728
1004183,0.636371046304703
1004184,0.613084137439728
1004185,0.613084137439728
1004186,0.591731429100037
1004187,0.613105754057566
1004194,0.613365868727366
1004197,0.592000663280487
1004199,0.40052855014801
1004200,0.614818781614304
1004202,0.3387251496315
1004203,0.613084137439728
1004204,0.613084137439728
1004205,0.560362219810486
1004206,0.613084137439728
1004211,0.613084137439728
1004216,0.613084137439728
1004220,0.613084137439728
1004221,0.502901762723923
1004224,0.613115817308426
1004228,0.611249804496765
1004231,0.391266038020452
1004233,0.487289011478424
1004236,0.613084137439728
1004238,0.613084137439728
1004240,0.162935674190521
1004241,0.529601395130157
1004247,0.624643921852112
1004248,0.775729656219482
1004250,0.61604243516922
1004252,0.613084137439728
1004253,0.334881842136383
1004258,0.618915458520254
1004259,0.576344072818756
1004264,0.546169817447662
1004275,0.586363057295481
1004277,0.614326556523641
1004281,0.269129306077957
1004284,0.185556031763554
1004289,0.0328557230532169
1004290,0.498076031605403
1004294,0.615872383117676
1004297,0.177182132999102
1004299,0.613084137439728
1004302,0.613393574953079
1004311,0.613084137439728
1004314,0.613084137439728
1004315,0.613084137439728
1004316,0.144623026251793
1004317,0.613084137439728
1004323,0.458447277545929
1004328,0.613084137439728
1004329,0.588005642096202
1004330,0.609009742736816
1004331,0.613084137439728
1004332,0.613084137439728
1004334,0.101178338130315
1004337,0.613084137439728
1004339,0.409675985574722
1004340,0.613084137439728
1004342,0.747246593236923
1004345,0.543611546357473
1004347,0.613084137439728
1004350,0.613084137439728
1004352,0.613084137439728
1004359,0.636838595072428
1004362,0.613084137439728
1004369,0.613084137439728
1004372,0.575532287359238
1004378,0.613084137439728
1004381,0.616868376731873
1004385,0.613084137439728
1004387,0.613084137439728
1004389,0.613084137439728
1004390,0.0435639675706625
1004393,0.613084137439728
1004395,0.205280850330989
1004397,0.613084137439728
1004398,0.61450739701589
1004400,0.613084137439728
1004404,0.170509393016497
1004406,0.618429700533549
1004407,0.00726583832874894
1004418,0.613084137439728
1004419,0.613084137439728
1004420,0.613084137439728
1004422,0.257962976892789
1004424,0.614179193973541
1004426,0.613084137439728
1004432,0.613643666108449
1004435,0.613084137439728
1004437,0.325134783983231
1004440,0.613084137439728
1004442,0.613084137439728
1004444,0.034678440541029
1004446,0.613164941469828
1004452,0.620329231023788
1004453,0.209447808563709
1004455,0.625405391057332
1004456,0.614187558492025
1004458,0.613084137439728
1004460,0.613840321699778
1004461,0.613084137439728
1004467,0.613084137439728
1004468,0.572460869948069
1004470,0.613084137439728
1004471,0.437809805075328
1004477,0.62265682220459
1004481,0.613084137439728
1004482,0.533049196004868
1004483,0.613084137439728
1004484,0.614737431208293
1004486,0.0561300413683057
1004488,0.459173649549484
1004492,0.613084137439728
1004493,0.611869474252065
1004495,0.613084137439728
1004497,0.550558388233185
1004505,0.605914453665415
1004507,0.613084137439728
1004508,0.635014692942301
1004518,0.598057806491852
1004525,0.613084137439728
1004530,0.613084137439728
1004533,0.613084137439728
1004534,0.613084137439728
1004535,0.0127542754635215
1004540,0.568630715211233
1004544,0.289516001939774
1004549,0.613084137439728
1004551,0.613594949245453
1004554,0.210014030337334
1004555,0.613084137439728
1004558,0.470324814319611
1004562,0.203705191612244
1004563,0.0537280943244696
1004564,0.616012036800385
1004565,0.591361085573832
1004568,0.613084137439728
1004571,0.613756716251373
1004575,0.0489434748888016
1004577,0.542301297187805
1004582,0.28089019159476
1004587,0.615756422281265
1004589,0.613084137439728
1004590,0.66103059053421
1004593,0.808867126703262
1004596,0.412425309419632
1004599,0.613084137439728
1004601,0.613122224807739
1004603,0.609936714172363
1004607,0.613084137439728
1004608,0.448956251144409
1004609,0.54377418756485
1004614,0.335870643456777
1004615,0.0324629138534268
1004618,0.591133505105972
1004620,0.372921203573545
1004621,0.619011074304581
1004625,0.00244278949685395
1004630,0.613084137439728
1004640,0.614069581031799
1004646,0.19651772081852
1004647,0.341082453727722
1004648,0.607112507025401
1004651,0.500762114922206
1004655,0.613084137439728
1004658,0.747912168502808
1004664,0.382574856281281
1004666,0.613084137439728
1004669,0.613084137439728
1004671,0.157034272948901
1004673,0.00858836714178324
1004677,0.551121801137924
1004679,0.629188299179077
1004684,0.368218590815862
1004689,0.461720019578934
1004691,0.562887758016586
1004693,0.550968140363693
1004696,0.233505696058273
1004698,0.598099768161774
1004702,0.614124755064646
1004704,0.613084137439728
1004706,0.497217883666356
1004709,0.613084137439728
1004711,0.321481376886368
1004712,0.183512091636658
1004717,0.453492313623428
1004723,0.407837510108948
1004724,0.613084137439728
1004729,0.614700525999069
1004732,0.0234521813690662
1004737,0.613084137439728
1004739,0.613084137439728
1004743,0.376294235388438
1004745,0.683052539825439
1004746,0.408973549803098
1004751,0.613560557365417
1004755,0.0859194397926331
1004761,0.613084137439728
1004764,0.406571105122566
1004767,0.319764882326126
1004770,0.613084137439728
1004778,0.587080657482147
1004783,0.506988217433294
1004786,0.0653960530956586
1004787,0.58110390106837
1004791,0.613084137439728
1004793,0.233986407518387
1004796,0.520455434918404
1004802,0.290893763303757
1004806,0.613084137439728
1004807,0.60985670487086
1004809,0.580275654792786
1004810,0.613084137439728
1004811,0.604926764965057
1004812,0.615686416625977
1004817,0.613084137439728
1004825,0.613084137439728
1004826,0.613156259059906
1004828,0.368846908211708
1004830,0.613084137439728
1004831,0.567085385322571
1004832,0.642693698406219
1004834,0.632905006408691
1004836,0.401474763949712
1004844,0.613197386264801
1004846,0.394737958908081
1004849,0.613084137439728
1004850,0.613084137439728
1004854,0.613084137439728
1004857,0.445492193102837
1004860,0.582962334156036
1004862,0.647755006949107
1004863,0.190152004361153
1004867,0.140077620744705
1004878,0.0913427496949832
1004879,0.614043593406677
1004880,0.169849261641502
1004888,0.320086427032948
1004892,0.293752014636993
1004893,0.613084137439728
1004894,0.429598520199458
1004897,0.168034615616004
1004900,0.613084137439728
1004908,0.135358285158873
1004909,0.463685050606728
1004912,0.398625016212463
1004913,0.200642921030521
1004917,0.22105082621177
1004919,0.613084137439728
1004923,0.533816143870354
1004926,0.613916238149007
1004928,0.588355898857117
1004930,0.220429178327322
1004932,0.59445708990097
1004938,0.613084137439728
1004942,0.572138716777166
1004947,0.613084137439728
1004953,0.0504078157246113
1004954,0.49058111011982
1004956,0.616468042135239
1004962,0.613084137439728
1004963,0.733076969782511
1004967,0.103179605677724
1004970,0.589523315429688
1004971,0.476340025663376
1004973,0.613084137439728
1004976,0.484223415454229
1004979,0.613084137439728
1004982,0.0181881170719862
1004984,0.439721137285233
1004988,0.613084137439728
1004990,0.613084137439728
1004998,0.613084137439728
1005002,0.613084137439728
1005003,0.613084137439728
1005007,0.294847915569941
1005009,0.247569551070531
1005011,0.613084137439728
1005015,0.596293807029724
1005016,0.62459272146225
1005017,0.613084137439728
1005019,0.571256786584854
1005027,0.613084137439728
1005028,0.106971982866526
1005030,0.508695736527443
1005031,0.144840927328914
1005034,0.440134331583977
1005039,0.613084137439728
1005043,0.614235043525696
1005046,0.613084137439728
1005055,0.43919442097346
1005056,0.632728377978007
1005059,0.614485561847687
1005062,0.478816643357277
1005063,0.613084137439728
1005064,0.613084137439728
1005067,0.613084137439728
1005069,0.613084137439728
1005071,0.619290858507156
1005074,0.712764352560043
1005078,0.613084137439728
1005079,0.613706012566884
1005081,0.613084137439728
1005084,0.145000040531158
1005101,0.613084137439728
1005104,0.613084137439728
1005106,0.551027615865072
1005109,0.591520488262177
1005110,0.613084137439728
1005111,0.613084137439728
1005112,0.564190924167633
1005117,0.614763081073761
1005119,0.613084137439728
1005121,0.0037797371041961
1005125,0.613084137439728
1005127,0.632748126983643
1005129,0.613084137439728
1005136,0.0627353712916374
1005144,0.542242348194122
1005147,0.613084137439728
1005151,0.613084137439728
1005152,0.613084137439728
1005153,0.667297840118408
1005156,0.564986884593964
1005158,0.613084137439728
1005161,0.528709431489309
1005163,0.262031495571136
1005167,0.558036317427953
1005176,0.613084137439728
1005178,0.666083753108978
1005179,0.667248944441477
1005181,0.659360607465108
1005182,0.610643168290456
1005185,0.570547898610433
1005186,0.293415546417236
1005188,0.613084137439728
1005189,0.613084137439728
1005192,0.613084137439728
1005194,0.613084137439728
1005197,0.565710465113322
1005200,0.441152900457382
1005201,0.593324959278107
1005220,0.564031422138214
1005227,0.607313692569733
1005228,0.614269196987152
1005229,0.531404316425323
1005231,0.606471538543701
1005233,0.424125656485558
1005237,0.623407036066055
1005239,0.205948457121849
1005240,0.591619511445363
1005241,0.602194160223007
1005244,0.678699513276418
1005246,0.613084137439728
1005247,0.840530216693878
1005252,0.357899640997251
1005260,0.613084137439728
1005261,0.592897772789001
1005265,0.59863156080246
1005267,0.604883670806885
1005269,0.505593647559484
1005270,0.6037318110466
1005271,0.56783131758372
1005272,0.216143067926168
1005275,0.62829444805781
1005277,0.62996244430542
1005278,0.617214024066925
1005280,0.520076781511307
1005281,0.235362733403842
1005282,0.550705552101135
1005292,0.607396721839905
1005294,0.620999117692312
1005296,0.613084137439728
1005297,0.397966951131821
1005300,0.516331791877747
1005301,0.619451959927877
1005303,0.608949601650238
1005304,0.159640903274218
1005306,0.382699191570282
1005307,0.613084137439728
1005314,0.64392301440239
1005317,0.380589743455251
1005320,0.307204194366932
1005321,0.594033499558767
1005326,0.613084137439728
1005327,0.613084137439728
1005328,0.552934835354487
1005331,0.611336410045624
1005332,0.479795773824056
1005333,0.607553482055664
1005335,0.286594495177269
1005336,0.380869741241137
1005337,0.120940801997979
1005338,0.469879388809204
1005340,0.613084137439728
1005344,0.616441071033478
1005345,0.613084137439728
1005348,0.615814884503682
1005349,0.515123536189397
1005352,0.613084137439728
1005353,0.530026137828827
1005354,0.349964211384455
1005360,0.553788274526596
1005361,0.600477119286855
1005367,0.342205494642258
1005370,0.613084137439728
1005372,0.562004049619039
1005373,0.613084137439728
1005374,0.590686778227488
1005375,0.614105343818665
1005376,0.613084137439728
1005379,0.567561705907186
1005380,0.532029102245967
1005382,0.624320109685262
1005385,0.614156603813171
1005386,0.613084137439728
1005389,0.613084137439728
1005391,0.672764241695404
1005392,0.613084137439728
1005393,0.441955476999283
1005396,0.617988854646683
1005400,0.563240826129913
1005401,0.613084137439728
1005403,0.613084137439728
1005405,0.583015024662018
1005412,0.37816642721494
1005414,0.613084137439728
1005419,0.613159696261088
1005420,0.0942954085767269
1005421,0.48113073905309
1005424,0.37372525036335
1005427,0.613084137439728
1005428,0.531498571236928
1005429,0.613084137439728
1005430,0.642466346422831
1005432,0.613084137439728
1005434,0.550598293542862
1005435,0.0696878880262375
1005436,0.193546568353971
1005440,0.498960196971893
1005441,0.479607820510864
1005442,0.61457637945811
1005446,0.326420858502388
1005447,0.613828897476196
1005448,0.204888913780451
1005452,0.613084137439728
1005453,0.613084137439728
1005455,0.678452968597412
1005459,0.613084137439728
1005460,0.615842739741007
1005461,0.600149363279343
1005462,0.608747045199076
1005470,0.613084137439728
1005472,0.613084137439728
1005476,0.105777492125829
1005477,0.245342113077641
1005478,0.438688546419144
1005479,0.400293290615082
1005480,0.344645276665688
1005481,0.871477047602336
1005483,0.613084137439728
1005484,0.613084137439728
1005485,0.613084137439728
1005486,0.465418597062429
1005490,0.574836134910583
1005491,0.414193481206894
1005492,0.613084137439728
1005494,0.582533458868662
1005495,0.454461445411046
1005496,0.613084137439728
1005499,0.38122895359993
1005501,0.377661387125651
1005503,0.614041348298391
1005505,0.522374083598455
1005507,0.625638941923777
1005509,0.306088497241338
1005515,0.412629544734955
1005518,0.571401804685593
1005520,0.557133217652639
1005523,0.594999253749847
1005526,0.613084137439728
1005529,0.600507318973541
1005530,0.48097421725591
1005532,0.455218543608983
1005533,0.613084137439728
1005536,0.0998395731051763
1005537,0.613084137439728
1005542,0.316708321372668
1005544,0.613084137439728
1005546,0.545796831448873
1005548,0.423910737037659
1005551,0.548934459686279
1005553,0.179902225732803
1005557,0.613242924213409
1005558,0.551156798998515
1005559,0.449302325646083
1005561,0.458993941545486
1005565,0.605184376239777
1005566,0.613084137439728
1005567,0.49792867898941
1005573,0.287846808632215
1005578,0.613084137439728
1005579,0.48357367515564
1005580,0.359084367752075
1005581,0.482495208581289
1005582,0.345250949263573
1005591,0.613084137439728
1005594,0.613084137439728
1005595,0.394432634115219
1005596,0.613084137439728
1005597,0.627274294694265
1005599,0.769997795422872
1005601,0.500676661729813
1005602,0.17805656294028
1005606,0.458064377307892
1005607,0.430716435114543
1005614,0.614787220954895
1005615,0.619522601366043
1005619,0.0130813835809628
1005622,0.613361954689026
1005626,0.595978796482086
1005627,0.613084137439728
1005628,0.613084137439728
1005629,0.236356899142265
1005630,0.613084137439728
1005634,0.609339833259583
1005636,0.817167599995931
1005638,0.613084137439728
1005640,0.527163515488307
1005642,0.604275912046432
1005644,0.520792275667191
1005646,0.613084137439728
1005647,0.613084137439728
1005649,0.371499747037888
1005651,0.391729464133581
1005654,0.613084137439728
1005655,0.317108750343323
1005657,0.164095044136047
1005658,0.151063551505407
1005659,0.613084137439728
1005665,0.766938547293345
1005666,0.19566281636556
1005667,0.574370503425598
1005670,0.573851565519969
1005671,0.613084137439728
1005675,0.487766285737356
1005676,0.532797366380692
1005679,0.430855999390284
1005682,0.561801135540009
1005683,0.577559530735016
1005685,0.382422149181366
1005688,0.613084137439728
1005695,0.35458800693353
1005698,0.491781324148178
1005702,0.619376162687937
1005703,0.613084137439728
1005705,0.367740988731384
1005708,0.612601121266683
1005709,0.5439093708992
1005713,0.500507156054179
1005714,0.568784862756729
1005715,0.622341275215149
1005719,0.52128678560257
1005720,0.173132168749968
1005722,0.197814099490643
1005723,0.613084137439728
1005726,0.613177398840586
1005728,0.613143026828766
1005729,0.41537414987882
1005730,0.48949807882309
1005733,0.604503293832143
1005735,0.34004370123148
1005737,0.297868579626083
1005741,0.613084137439728
1005742,0.613084137439728
1005748,0.613084137439728
1005750,0.534291297197342
1005751,0.290743768215179
1005752,0.613084137439728
1005753,0.318698316812515
1005754,0.613084137439728
1005756,0.613084137439728
1005758,0.596001267433167
1005759,0.525643020868301
1005761,0.383644411961238
1005762,0.274567959209283
1005766,0.345145891110102
1005770,0.435798694690069
1005772,0.223844019075235
1005773,0.520855158567429
1005779,0.600617388884226
1005782,0.538402328888575
1005783,0.613084137439728
1005785,0.0566282505169511
1005786,0.480869084596634
1005787,0.613084137439728
1005790,0.594843447208405
1005792,0.613084137439728
1005793,0.271743699908257
1005795,0.550595104694366
1005797,0.855525294939677
1005798,0.613274415334066
1005799,0.395310193300247
1005801,0.494531551996867
1005803,0.319634874661763
1005805,0.613084137439728
1005810,0.613375723361969
1005812,0.567134956518809
1005813,0.527168452739716
1005815,0.61310613155365
1005816,0.434747517108917
1005819,0.613084137439728
1005821,0.613084137439728
1005822,0.32666289806366
1005825,0.54370645682017
1005828,0.263845682144165
1005830,0.460294097661972
1005832,0.613084137439728
1005833,0.301422908902168
1005834,0.613084137439728
1005838,0.613084137439728
1005839,0.0579210470120112
1005840,0.224205918610096
1005841,0.265361070632935
1005842,0.563026448090871
1005844,0.332682977120082
1005846,0.613084137439728
1005848,0.0831058472394943
1005849,0.119482013086478
1005852,0.564752598603567
1005853,0.417595416307449
1005854,0.613084137439728
1005855,0.586318790912628
1005856,0.613084137439728
1005858,0.608086625734965
1005859,0.293756425380707
1005860,0.41751288374265
1005862,0.122352210183938
1005863,0.613084137439728
1005866,0.343924154837926
1005868,0.368025332689285
1005869,0.312836090723674
1005875,0.394535005092621
1005876,0.161010168492794
1005877,0.449642181396484
1005878,0.601558864116669
1005879,0.495237370332082
1005880,0.436482419570287
1005881,0.763583262761434
1005882,0.621862570444743
1005887,0.613084137439728
1005888,0.613084137439728
1005891,0.614109218120575
1005892,0.523001909255981
1005895,0.613084137439728
1005896,0.447326064109802
1005897,0.613084137439728
1005898,0.460659727454185
1005899,0.613084137439728
1005900,0.613084137439728
1005901,0.7317240635554
1005906,0.581304550170898
1005908,0.303143873810768
1005909,0.613084137439728
1005910,0.0134486788883805
1005915,0.00201155268587172
1005918,0.513438324133555
1005919,0.615279763936996
1005922,0.613084137439728
1005924,0.177934969464938
1005927,0.613084137439728
1005928,0.0483453907072544
1005931,0.571561247110367
1005932,0.614986151456833
1005936,0.613084137439728
1005937,0.592186212539673
1005939,0.0343568064272404
1005940,0.572667767604192
1005941,0.61135059595108
1005942,0.408796072006226
1005945,0.863181213537852
1005947,0.613084137439728
1005948,0.194481119513512
1005951,0.285879438122114
1005954,0.519011567036311
1005955,0.0389854609966278
1005957,0.574350565671921
1005958,0.613084137439728
1005960,0.346907993157705
1005962,0.599731147289276
1005964,0.613084137439728
1005966,0.29548704624176
1005967,0.613084137439728
1005968,0.223417565226555
1005969,0.559830864270528
1005970,0.613084137439728
1005971,0.0493926986431082
1005973,0.35127067565918
1005974,0.0554462261497974
1005975,0.610434353351593
1005979,0.613084137439728
1005982,0.696411848068237
1005988,0.613084137439728
1005990,0.613084137439728
1005991,0.553322712580363
1005994,0.122543203334014
1005997,0.552991519371668
1005999,0.538575748602549
1006002,0.642432967821757
1006003,0.603021591901779
1006005,0.613084137439728
1006013,0.193090910712878
1006014,0.757867425680161
1006019,0.333944161732992
1006020,0.495413591464361
1006021,0.152867207924525
1006023,0.614489277203878
1006024,0.533908128738403
1006025,0.613084137439728
1006026,0.488499989112218
1006029,0.613084137439728
1006032,0.613084137439728
1006033,0.613084137439728
1006034,0.613084137439728
1006042,0.594052374362946
1006043,0.576327939828237
1006045,0.97116361061732
1006046,0.100597951561213
1006053,0.613084137439728
1006054,0.613084137439728
1006055,0.143626987934113
1006056,0.613084137439728
1006057,0.613084137439728
1006059,0.428120017051697
1006062,0.598377376794815
1006065,0.613084137439728
1006066,0.411119004090627
1006071,0.0128496806137264
1006072,0.613084137439728
1006081,0.613084137439728
1006083,0.779918730258942
1006089,0.183633896211783
1006092,0.613084137439728
1006093,0.579407016436259
1006097,0.0249031414277852
1006099,0.613084137439728
1006103,0.613084137439728
1006107,0.613084137439728
1006110,0.446154435475667
1006114,0.613288144270579
1006116,0.0717938337475061
1006117,0.613084137439728
1006127,0.613084137439728
1006134,0.227662955721219
1006136,0.503203719854355
1006137,0.602671027183533
1006138,0.329254388809204
1006141,0.613084137439728
1006144,0.613084137439728
1006146,0.604246824979782
1006148,0.792211890220642
1006151,0.265019536018372
1006152,0.613084137439728
1006161,0.631989995638529
1006167,0.564973374207815
1006169,0.503616789976756
1006171,0.613084137439728
1006172,0.613084137439728
1006174,0.613084137439728
1006176,0.607505142688751
1006177,0.649532616138458
1006178,0.177749440073967
1006179,0.591547876596451
1006182,0.414269998669624
1006187,0.584490954875946
1006188,0.338779290517171
1006191,0.566433827082316
1006192,0.613084137439728
1006195,0.205571308732033
1006196,0.613084137439728
1006198,0.593666106462479
1006201,0.424596831202507
1006202,0.304229207336903
1006203,0.575577855110168
1006204,0.613084137439728
1006205,0.613865296045939
1006206,0.0192824574187398
1006207,0.646802634000778
1006209,0.393919453024864
1006214,0.613084137439728
1006216,0.121969781816006
1006222,0.55310978492101
1006223,0.182571157813072
1006225,0.613084137439728
1006227,0.329838054875533
1006228,0.509469285607338
1006231,0.588311155637105
1006233,0.615477740764618
1006234,0.563005745410919
1006240,0.665559927622477
1006244,0.613216241200765
1006246,0.585323393344879
1006247,0.264743775129318
1006250,0.197098905841509
1006252,0.613084137439728
1006254,0.297427788376808
1006257,0.455566853284836
1006260,0.156575590372086
1006262,0.614323536554972
1006263,0.613084137439728
1006266,0.431205491224925
1006269,0.346375823020935
1006270,0.502678513526917
1006272,0.443135400613149
1006274,0.657031218210856
1006276,0.184906452894211
1006278,0.355674227078756
1006279,0.214628810683886
1006281,0.538103222846985
1006291,0.599141359329224
1006292,0.631376425425212
1006293,0.691916167736053
1006297,0.660915195941925
1006300,0.339073911309242
1006301,0.419783860445023
1006302,0.554393827915192
1006303,0.418746381998062
1006305,0.0392726964006821
1006306,0.613728016614914
1006307,0.613084137439728
1006310,0.613084137439728
1006311,0.613084137439728
1006312,0.441016693909963
1006313,0.613084137439728
1006323,0.490364412466685
1006324,0.613084137439728
1006326,0.613084137439728
1006328,0.542845378319422
1006329,0.613084137439728
1006330,0.613084137439728
1006331,0.614637772242228
1006334,0.462139204144478
1006339,0.613084137439728
1006340,0.463346615433693
1006341,0.285570830106735
1006343,0.613084137439728
1006345,0.569489538669586
1006347,0.590354084968567
1006348,0.613084137439728
1006352,0.613084137439728
1006354,0.613084137439728
1006355,0.614976823329926
1006358,0.313233822584152
1006359,0.613084137439728
1006363,0.613084137439728
1006365,0.369255214929581
1006366,0.613924523194631
1006367,0.613084137439728
1006368,0.411724492907524
1006370,0.232077419757843
1006371,0.613084137439728
1006375,0.287857140103976
1006379,0.614807188510895
1006382,0.613084137439728
1006383,0.36290767788887
1006386,0.613084137439728
1006389,0.613084137439728
1006390,0.603285670280457
1006392,0.314685314893723
1006394,0.613084137439728
1006395,0.613084137439728
1006398,0.597379744052887
1006399,0.288286495953798
1006400,0.551839277148247
1006401,0.181179791688919
1006402,0.606199711561203
1006413,0.466878056526184
1006414,0.568066656589508
1006417,0.449907044569651
1006419,0.59177839756012
1006427,0.627984464168549
1006428,0.146706555038691
1006430,0.6508429646492
1006433,0.613084137439728
1006434,0.202448308467865
1006435,0.651583969593048
1006438,0.243827025095622
1006440,0.545940846204758
1006445,0.613084137439728
1006449,0.613084137439728
1006451,0.534694403409958
1006455,0.613084137439728
1006458,0.613084137439728
1006459,0.335409333308538
1006460,0.472019652525584
1006463,0.613084137439728
1006466,0.613084137439728
1006467,0.104145240038633
1006468,0.613084137439728
1006469,0.18944226205349
1006470,0.37949874997139
1006471,0.590916991233826
1006472,0.613084137439728
1006473,0.606677174568176
1006474,0.553090661764145
1006475,0.613084137439728
1006476,0.613084137439728
1006477,0.57188355922699
1006478,0.120295595377684
1006480,0.486072137951851
1006483,0.118366236488024
1006484,0.614337503910065
1006485,0.613084137439728
1006487,0.613084137439728
1006488,0.591894030570984
1006489,0.613084137439728
1006490,0.613084137439728
1006491,0.401536345481873
1006492,0.545244216918945
1006493,0.0460386611521244
1006495,0.130345405389865
1006498,0.452604174613953
1006499,0.613265812397003
1006504,0.613084137439728
1006505,0.613084137439728
1006506,0.0428222082555294
1006507,0.613084137439728
1006508,0.0315277017652988
1006509,0.604956269264221
1006514,0.408489098151525
1006517,0.613367915153503
1006519,0.599887311458588
1006520,0.463289588689804
1006522,0.550471365451813
1006525,0.382438252369563
1006529,0.434974372386932
1006530,0.267116670807203
1006531,0.505914211273193
1006534,0.212237372994423
1006536,0.465653955936432
1006539,0.574066340923309
1006540,0.549972087144852
1006541,0.680192271868388
1006543,0.477920899788539
1006545,0.546373883883158
1006549,0.613084137439728
1006550,0.613084137439728
1006552,0.610089997450511
1006555,0.333498299121857
1006557,0.544263124465942
1006562,0.610187987486521
1006564,0.584873795509338
1006565,0.280778974294662
1006566,0.152662798762321
1006567,0.613084137439728
1006569,0.556842923164368
1006571,0.235130106409391
1006575,0.44257515668869
1006576,0.0149716356148322
1006578,0.208606705069542
1006579,0.613084137439728
1006580,0.215499704082807
1006582,0.572138776381811
1006583,0.597822765509287
1006587,0.613084137439728
1006589,0.517386078834534
1006593,0.136747263371944
1006594,0.205136697739363
1006597,0.539663389325142
1006598,0.613084137439728
1006599,0.595835069815318
1006600,0.610040465990702
1006601,0.613084137439728
1006602,0.584791541099548
1006606,0.613084395726522
1006608,0.571817954381307
1006609,0.305986473957698
1006610,0.592841525872548
1006611,0.614590644836426
1006615,0.614273399114609
1006617,0.613084137439728
1006618,0.613084137439728
1006619,0.539520040154457
1006620,0.606419622898102
1006623,0.276150986552238
1006625,0.613084137439728
1006629,0.482980797688166
1006631,0.613084137439728
1006632,0.154764908055464
1006634,0.335031867027283
1006635,0.647321969270706
1006636,0.613084137439728
1006637,0.613084137439728
1006640,0.613084137439728
1006641,0.586455623308818
1006642,0.613084137439728
1006645,0.613084137439728
1006647,0.613084137439728
1006650,0.456486493349075
1006655,0.407519549131393
1006656,0.613084137439728
1006657,0.613084137439728
1006660,0.565880994002024
1006661,0.635326226552328
1006666,0.571762025356293
1006668,0.615715662638346
1006671,0.551905125379562
1006672,0.499586403369904
1006673,0.767180462678274
1006675,0.0507749430835247
1006676,0.613084137439728
1006680,0.664980590343475
1006684,0.613084137439728
1006685,0.613084137439728
1006687,0.613084137439728
1006688,0.466647565364838
1006689,0.535531640052795
1006693,0.275503009557724
1006697,0.594819068908691
1006698,0.52556449174881
1006701,0.613084137439728
1006702,0.525260935227076
1006703,0.613084137439728
1006704,0.19808754324913
1006710,0.613084137439728
1006714,0.613084137439728
1006716,0.613084137439728
1006718,0.613084137439728
1006719,0.531373932957649
1006720,0.591769814491272
1006725,0.44545911749204
1006728,0.613084137439728
1006735,0.613084137439728
1006736,0.296445334951083
1006738,0.613084137439728
1006739,0.122010312974453
1006742,0.605821490287781
1006744,0.619596143563588
1006746,0.613084137439728
1006751,0.0923085585236549
1006752,0.538131992022196
1006757,0.147800978273153
1006759,0.586811542510986
1006760,0.176865592598915
1006762,0.664843589067459
1006763,0.557082295417786
1006764,0.613084137439728
1006770,0.613084137439728
1006771,0.0833462327718735
1006774,0.632200678189596
1006775,0.599529167016347
1006777,0.468772202730179
1006780,0.613084137439728
1006781,0.198203533887863
1006789,0.144586369395256
1006791,0.613084137439728
1006793,0.626665910085042
1006794,0.61437330643336
1006796,0.1841066579024
1006799,0.613084137439728
1006800,0.613084137439728
1006804,0.490927755832672
1006811,0.613084137439728
1006814,0.613084137439728
1006816,0.267733405033747
1006818,0.0330862880994876
1006820,0.613084137439728
1006821,0.553177714347839
1006824,0.500895907481511
1006825,0.682196706533432
1006826,0.615867535273234
1006830,0.613084137439728
1006831,0.369713013370832
1006833,0.613084137439728
1006834,0.215105175971985
1006836,0.553175717592239
1006837,0.398180723190308
1006842,0.555541008710861
1006848,0.476755559444427
1006849,0.15150364736716
1006850,0.542266681790352
1006853,0.653446733951569
1006854,0.613084137439728
1006856,0.613084137439728
1006858,0.613084137439728
1006859,0.288365180293719
1006860,0.613084137439728
1006861,0.205161370337009
1006862,0.169739832480749
1006863,0.549843907356262
1006864,0.259749069809914
1006865,0.613084137439728
1006873,0.0815232979754607
1006874,0.613084137439728
1006875,0.466379771629969
1006877,0.613366564114889
1006880,0.0869469257692496
1006881,0.613084137439728
1006884,0.585463315248489
1006885,0.61344055334727
1006886,0.613084137439728
1006891,0.219323948025703
1006892,0.603886425495148
1006896,0.541603048642476
1006903,0.214450865983963
1006906,0.0245130360126495
1006907,0.591385245323181
1006908,0.613084137439728
1006914,0.613084137439728
1006915,0.613084137439728
1006921,0.103448279201984
1006926,0.581882496674856
1006927,0.181498825550079
1006928,0.587506592273712
1006931,0.443509737650553
1006932,0.57606037457784
1006933,0.502093235651652
1006936,0.565927088260651
1006937,0.613084137439728
1006940,0.614474475383759
1006942,0.613084137439728
1006949,0.613084137439728
1006953,0.567313690980276
1006954,0.197566159069538
1006955,0.616196850935618
1006956,0.616186062494914
1006957,0.591610133647919
1006958,0.540202111005783
1006959,0.613084137439728
1006961,0.124430822208524
1006962,0.526841342449188
1006963,0.613084137439728
1006964,0.613084137439728
1006965,0.613084137439728
1006968,0.615171988805135
1006969,0.540425166487694
1006971,0.613084137439728
1006972,0.561684548854828
1006976,0.608682334423065
1006977,0.458440199494362
1006978,0.528234541416168
1006979,0.813276410102844
1006981,0.44747705757618
1006985,0.571374714374542
1006988,0.613084137439728
1006993,0.613084137439728
1006994,0.372589468955994
1006995,0.259203642606735
1007001,0.613394836584727
1007002,0.526434481143951
1007004,0.616349190473557
1007005,0.61444815993309
1007006,0.613084137439728
1007008,0.602554678916931
1007011,0.172286070883274
1007012,0.501528829336166
1007016,0.617359220981598
1007019,0.613084137439728
1007024,0.6143758893013
1007026,0.613084137439728
1007035,0.613084137439728
1007037,0.146527628103892
1007038,0.423647046089172
1007042,0.457562893629074
1007045,0.342419445514679
1007046,0.618484079837799
1007051,0.613084137439728
1007053,0.229804043968519
1007057,0.491971661647161
1007060,0.630507965882619
1007062,0.614068686962128
1007065,0.621065020561218
1007070,0.30666746199131
1007073,0.605194648106893
1007076,0.613084137439728
1007078,0.613084137439728
1007079,0.274912695089976
1007080,0.613084137439728
1007082,0.670912504196167
1007085,0.289456968506177
1007087,0.339485220611095
1007091,0.551985308527946
1007093,0.218548461794853
1007098,0.613084137439728
1007101,0.613084137439728
1007103,0.399414494633675
1007104,0.613084137439728
1007111,0.0750185251235962
1007114,0.613084137439728
1007118,0.318354944388072
1007119,0.375428318977356
1007120,0.61456298828125
1007122,0.545433595776558
1007125,0.613084137439728
1007126,0.682874083518982
1007129,0.442903101444244
1007131,0.113903208325307
1007132,0.140634633600712
1007133,0.613084137439728
1007135,0.602833330631256
1007139,0.445142328739166
1007141,0.613084137439728
1007143,0.670901377995809
1007146,0.0567826982587576
1007147,0.334277659654617
1007148,0.613084137439728
1007149,0.49633248647054
1007153,0.613084137439728
1007155,0.0429537463933229
1007156,0.613084137439728
1007159,0.613084137439728
1007160,0.613663673400879
1007165,0.614750862121582
1007167,0.0121631893950204
1007169,0.613084137439728
1007170,0.337062088151773
1007174,0.613084137439728
1007175,0.223993107676506
1007177,0.613084137439728
1007181,0.395432978868484
1007182,0.155999191105366
1007183,0.12530517205596
1007185,0.613084137439728
1007186,0.613084137439728
1007187,0.231431908905506
1007188,0.694860935211182
1007189,0.602709025144577
1007192,0.498426780104637
1007194,0.613084137439728
1007195,0.511459618806839
1007196,0.53708028793335
1007197,0.453749338785807
1007199,0.555832833051682
1007200,0.242881740132968
1007202,0.613860011100769
1007203,0.539988413453102
1007205,0.361269017060598
1007206,0.613527735074361
1007208,0.613473355770111
1007211,0.516886740922928
1007214,0.505235850811005
1007219,0.613084137439728
1007220,0.613084137439728
1007221,0.0628062710165977
1007224,0.451136618852615
1007225,0.257844602068265
1007226,0.613728016614914
1007229,0.227996654808521
1007230,0.613084137439728
1007233,0.583648651838303
1007234,0.506366858879725
1007237,0.358130206664403
1007239,0.613084137439728
1007241,0.338872969150543
1007242,0.673847585916519
1007243,0.514913558959961
1007245,0.253005340695381
1007246,0.216962344944477
1007247,0.00159086543135345
1007253,0.0302301393821836
1007255,0.613084137439728
1007258,0.629380683104197
1007259,0.584248006343842
1007262,0.604232549667358
1007263,0.61341538031896
1007265,0.0908891086777051
1007272,0.613084137439728
1007273,0.504468381404877
1007277,0.0735397487878799
1007278,0.37152923643589
1007280,0.613937099774679
1007285,0.29329123099645
1007286,0.555459757645925
1007288,0.0586375035345554
1007289,0.590500354766846
1007293,0.614414989948273
1007294,0.613680183887482
1007295,0.135912895202637
1007296,0.613084137439728
1007299,0.613084137439728
1007300,0.613084137439728
1007301,0.508949100971222
1007302,0.637358903884888
1007306,0.69803386926651
1007311,0.613084137439728
1007317,0.592542827129364
1007318,0.0579240471124649
1007320,0.338598738114039
1007321,0.0807542130351067
1007327,0.683568378289541
1007328,0.545384466648102
1007332,0.028974611312151
1007333,0.326301783323288
1007334,0.613084137439728
1007336,0.613084137439728
1007338,0.609366377194723
1007344,0.613084137439728
1007345,0.689490218957265
1007347,0.340924561023712
1007349,0.613084137439728
1007351,0.620980461438497
1007354,0.613084137439728
1007357,0.613084137439728
1007358,0.61455891529719
1007361,0.613084137439728
1007362,0.161715291440487
1007364,0.613084137439728
1007365,0.613084137439728
1007368,0.613084137439728
1007369,0.531549215316772
1007370,0.613084137439728
1007372,0.613084137439728
1007374,0.613084137439728
1007376,0.492160022258759
1007378,0.0725750715937465
1007379,0.414230535427729
1007382,0.613084137439728
1007385,0.616312563419342
1007389,0.614195207754771
1007391,0.59669953584671
1007394,0.432803879181544
1007395,0.615558236837387
1007398,0.613084137439728
1007401,0.613084137439728
1007404,0.421995639801025
1007405,0.587352275848389
1007406,0.616721590360006
1007408,0.274115328987439
1007409,0.612315237522125
1007410,0.418993145227432
1007411,0.61598926782608
1007414,0.582383890946706
1007416,0.613084137439728
1007418,0.52704918384552
1007425,0.189233705401421
1007426,0.613084137439728
1007427,0.428203448653221
1007428,0.561052799224854
1007432,0.481403132279714
1007433,0.613084137439728
1007435,0.615831792354584
1007436,0.613084137439728
1007440,0.616882562637329
1007443,0.517734348773956
1007444,0.613084137439728
1007452,0.504336873690287
1007455,0.523506641387939
1007461,0.509221017360687
1007464,0.298219040036201
1007474,0.491611977418264
1007486,0.613284945487976
1007487,0.613084137439728
1007489,0.573354780673981
1007493,0.355649063984553
1007494,0.600095510482788
1007497,0.613084137439728
1007499,0.613084137439728
1007500,0.0166971236467361
1007501,0.488716155290604
1007502,0.565096437931061
1007507,0.578260362148285
1007508,0.274645261466503
1007509,0.613084137439728
1007510,0.543643236160278
1007511,0.332081149021784
1007514,0.188773840665817
1007515,0.665010670820872
1007516,0.214756841460864
1007524,0.616832852363586
1007525,0.625159720579783
1007526,0.613084137439728
1007528,0.613084137439728
1007529,0.616269469261169
1007530,0.299307689070702
1007531,0.598584870497386
1007534,0.613084137439728
1007535,0.364730566740036
1007536,0.608675956726074
1007539,0.386370201905568
1007541,0.62192764878273
1007542,0.540138711531957
1007548,0.0783062651753426
1007549,0.182847027977308
1007550,0.0628348663449287
1007551,0.551298836867015
1007552,0.613084137439728
1007553,0.472281575202942
1007556,0.117645209034284
1007559,0.202524110674858
1007561,0.613351374864578
1007562,0.509735912084579
1007565,0.613084137439728
1007566,0.613084137439728
1007567,0.448629692196846
1007571,0.613084137439728
1007572,0.595719695091248
1007574,0.411327481269836
1007576,0.613084137439728
1007580,0.587032169103622
1007581,0.0596638135612011
1007583,0.499886860450109
1007585,0.613084137439728
1007586,0.613084137439728
1007590,0.613084137439728
1007592,0.0646678271392981
1007593,0.613084137439728
1007594,0.607046782970428
1007595,0.613084137439728
1007602,0.104737836867571
1007604,0.414721384644508
1007605,0.613084137439728
1007606,0.320244203011195
1007609,0.0708245877176523
1007613,0.613084137439728
1007616,0.525992045799891
1007618,0.513363540172577
1007619,0.543482114871343
1007622,0.628499110539754
1007623,0.552933022379875
1007626,0.613226056098938
1007627,0.613084137439728
1007628,0.141015231609344
1007631,0.29608491063118
1007632,0.592377424240112
1007634,0.613084137439728
1007636,0.507054716348648
1007639,0.60882556438446
1007640,0.613084137439728
1007641,0.657809933026632
1007642,0.500219434499741
1007644,0.260123685002327
1007646,0.433949947357178
1007647,0.613084137439728
1007656,0.219594240188599
1007661,0.17440040409565
1007662,0.613084137439728
1007663,0.652175813913345
1007664,0.120054513216019
1007669,0.354491606354713
1007674,0.614125867684682
1007675,0.218246638774872
1007677,0.470148250460625
1007678,0.613084137439728
1007680,0.132721826434135
1007684,0.668188333511353
1007687,0.613084137439728
1007689,0.535509596268336
1007694,0.214479625225067
1007695,0.325515940785408
1007697,0.613084137439728
1007698,0.613084137439728
1007700,0.134568318724632
1007703,0.161632527907689
1007705,0.613482216993968
1007706,0.317652657628059
1007707,0.124990781148275
1007710,0.618948082129161
1007711,0.609712799390157
1007713,0.238401159644127
1007716,0.570927262306213
1007718,0.536920746167501
1007719,0.303382366895676
1007721,0.635007500648499
1007724,0.553166568279266
1007727,0.552115142345428
1007729,0.572567224502563
1007730,0.5593101978302
1007731,0.613084137439728
1007732,0.613084137439728
1007737,0.503845055898031
1007738,0.560415625572205
1007740,0.234787784516811
1007741,0.613084137439728
1007744,0.602632244427999
1007747,0.574714322884878
1007748,0.590068280696869
1007749,0.0689487364143133
1007750,0.31776636838913
1007756,0.283002103368441
1007757,0.613084137439728
1007759,0.337833821773529
1007764,0.613084137439728
1007766,0.490876764059067
1007767,0.560260534286499
1007772,0.392073467373848
1007774,0.613084137439728
1007775,0.51045024394989
1007776,0.613084137439728
1007780,0.584496299425761
1007782,0.613084137439728
1007785,0.27321902414163
1007786,0.0948616433888674
1007787,0.466531207164129
1007788,0.613084137439728
1007790,0.537262260913849
1007794,0.613084137439728
1007795,0.549988001585007
1007797,0.25822193423907
1007798,0.613084137439728
1007803,0.598278880119324
1007805,0.613084137439728
1007806,0.613783568143845
1007808,0.213789694011211
1007809,0.160593661169211
1007810,0.613084137439728
1007813,0.466429799795151
1007814,0.531828254461288
1007816,0.333233311772346
1007818,0.584296445051829
1007822,0.735619386037191
1007823,0.227503031492233
1007824,0.473346143960953
1007826,0.613084137439728
1007828,0.613084137439728
1007830,0.543335070212682
1007831,0.323204591870308
1007832,0.613084137439728
1007835,0.613084137439728
1007838,0.613681852817535
1007839,0.613084137439728
1007845,0.353524039189021
1007847,0.283608391880989
1007850,0.17416313290596
1007851,0.613084137439728
1007855,0.688379883766174
1007856,0.613446235656738
1007858,0.57673039038976
1007859,0.613084137439728
1007860,0.31157028923432
1007861,0.426629975438118
1007863,0.547424832979838
1007869,0.626006841659546
1007872,0.614264706770579
1007874,0.512793680032094
1007875,0.636740028858185
1007878,0.300592377781868
1007879,0.613812128702799
1007881,0.613084137439728
1007883,0.171244685848554
1007885,0.520689606666565
1007896,0.571477323770523
1007900,0.078941248357296
1007902,0.613084137439728
1007907,0.0202001323923469
1007910,0.533584922552109
1007915,0.189909994602203
1007917,0.257335755974054
1007925,0.616232514381409
1007929,0.592429637908936
1007930,0.344591498374939
1007938,0.406815201044083
1007941,0.613084137439728
1007943,0.613084137439728
1007944,0.381569132208824
1007945,0.613084137439728
1007946,0.426099091768265
1007947,0.211913242936134
1007948,0.613084137439728
1007953,0.134422093629837
1007954,0.613084137439728
1007955,0.626494407653809
1007959,0.613777637481689
1007960,0.546757499376933
1007961,0.541730105876923
1007962,0.281605921685696
1007963,0.60149739185969
1007964,0.598652213811874
1007968,0.592671990394592
1007970,0.229265809059143
1007971,0.502101719379425
1007973,0.557188957929611
1007976,0.576820909976959
1007982,0.494493246078491
1007986,0.613084137439728
1007987,0.548048466444016
1007989,0.47924330830574
1007992,0.591647903124491
1007994,0.607220232486725
1007996,0.613100389639537
1007997,0.532264590263367
1007998,0.282715544104576
1008000,0.613084137439728
1008002,0.57655668258667
1008003,0.613084137439728
1008004,0.0249672047793865
1008008,0.588413834571838
1008010,0.0105455676093698
1008012,0.623028963804245
1008015,0.613084137439728
1008016,0.613084137439728
1008017,0.32379774749279
1008018,0.60794523358345
1008019,0.613084137439728
1008020,0.613650361696879
1008024,0.240103825926781
1008026,0.493712097406387
1008027,0.0145455873571336
1008031,0.470798671245575
1008035,0.613084137439728
1008041,0.390792712569237
1008043,0.205861230691274
1008047,0.467789337038994
1008052,0.515103280544281
1008062,0.41408309340477
1008066,0.678606927394867
1008068,0.34897755086422
1008071,0.613084137439728
1008072,0.276203274726868
1008076,0.303968645632267
1008077,0.284382738173008
1008081,0.613084137439728
1008083,0.613084137439728
1008084,0.306048765778542
1008085,0.613084137439728
1008089,0.613084137439728
1008090,0.257718980312347
1008092,0.608905494213104
1008095,0.613084137439728
1008098,0.2780369023482
1008104,0.627729157606761
1008106,0.611571371555328
1008107,0.613084137439728
1008109,0.35507445037365
1008113,0.0826852420965831
1008114,0.613084137439728
1008115,0.560621023178101
1008117,0.0995792523026466
1008119,0.138362305859725
1008122,0.579159379005432
1008123,0.613084137439728
1008124,0.608070731163025
1008125,0.384050734341145
1008126,0.613084137439728
1008127,0.390077173709869
1008129,0.491774529218674
1008131,0.297454327344894
1008137,0.576474726200104
1008143,0.613084137439728
1008144,0.613084137439728
1008145,0.599694311618805
1008148,0.574163407087326
1008151,0.199898853898048
1008152,0.434297040104866
1008154,0.331724425156911
1008155,0.487476766109467
1008157,0.506319671869278
1008161,0.516684114933014
1008164,0.506543040275574
1008165,0.710270613431931
1008167,0.591301123301188
1008168,0.613084137439728
1008171,0.555485775073369
1008172,0.490146189928055
1008177,0.613084137439728
1008179,0.539915293455124
1008183,0.581242442131042
1008185,0.571341792742411
1008186,0.550875887274742
1008195,0.424479752779007
1008196,0.51099036137263
1008198,0.550955966114998
1008199,0.613084137439728
1008204,0.407689362764359
1008206,0.178309147556623
1008210,0.613084137439728
1008211,0.613084137439728
1008213,0.640550136566162
1008217,0.24847537279129
1008219,0.255750070015589
1008221,0.614183992147446
1008222,0.516122629245122
1008224,0.104756727814674
1008229,0.550534650683403
1008231,0.629115561644236
1008239,0.613084137439728
1008243,0.613084137439728
1008247,0.615347266197205
1008249,0.0706422291696072
1008251,0.613642394542694
1008252,0.429442197084427
1008258,0.43584598104159
1008260,0.613084137439728
1008261,0.614581823348999
1008262,0.613084137439728
1008263,0.255441462000211
1008265,0.613084137439728
1008267,0.613193720579147
1008269,0.247815206646919
1008270,0.0293641313910484
1008274,0.613084137439728
1008276,0.59981365998586
1008280,0.613084137439728
1008284,0.611516495545705
1008291,0.613084137439728
1008292,0.635626375675201
1008294,0.0434231199324131
1008297,0.59662914276123
1008299,0.570585350195567
1008300,0.613084137439728
1008303,0.200468622148037
1008305,0.443667709827423
1008307,0.556990414857864
1008308,0.590275684992472
1008310,0.614008098840714
1008314,0.319217945138613
1008316,0.60259947180748
1008317,0.381197452545166
1008319,0.613084137439728
1008322,0.509109983841578
1008323,0.613084137439728
1008324,0.613084137439728
1008326,0.502186059951782
1008334,0.491012051701546
1008335,0.565125485261281
1008336,0.613084137439728
1008338,0.701302826404572
1008342,0.641539037227631
1008343,0.15185658633709
1008345,0.322203934192657
1008346,0.593330025672913
1008348,0.613524635632833
1008350,0.613084137439728
1008352,0.613084137439728
1008354,0.613084137439728
1008355,0.174074035137892
1008356,0.52619140346845
1008359,0.61521589756012
1008361,0.202642187476158
1008363,0.549651136000951
1008369,0.471745178103447
1008370,0.58596533536911
1008381,0.613084137439728
1008383,0.613084137439728
1008384,0.552245418230693
1008386,0.613084137439728
1008387,0.52103927731514
1008388,0.551929533481598
1008390,0.458796739578247
1008393,0.342346280813217
1008397,0.598891496658325
1008398,0.600688755512238
1008399,0.181199173132579
1008401,0.100735614697138
1008402,0.591624061266581
1008403,0.504130244255066
1008404,0.554068108399709
1008405,0.613084137439728
1008409,0.621883422136307
1008414,0.640155971050262
1008421,0.479694843292236
1008423,0.578474342823029
1008424,0.602853178977966
1008425,0.65736722946167
1008428,0.613084137439728
1008431,0.613084137439728
1008440,0.0747859831899405
1008441,0.305902987718582
1008442,0.494527667760849
1008443,0.609244674444199
1008445,0.607524633407593
1008448,0.613084137439728
1008449,0.593123853206635
1008450,0.357769399881363
1008451,0.613084137439728
1008452,0.613084137439728
1008454,0.453756749629974
1008456,0.613084137439728
1008469,0.613084137439728
1008470,0.600097417831421
1008471,0.613084137439728
1008473,0.613084137439728
1008474,0.591656088829041
1008481,0.613084137439728
1008483,0.0726896747946739
1008485,0.613084137439728
1008487,0.603472054004669
1008488,0.344661928713322
1008490,0.377236589789391
1008494,0.614038328329722
1008497,0.424222141504288
1008500,0.606192966302236
1008505,0.563614666461945
1008507,0.295448099573453
1008508,0.61482846736908
1008520,0.613084137439728
1008521,0.0935905128717422
1008523,0.613084137439728
1008527,0.714043349027634
1008528,0.615110099315643
1008532,0.603036165237427
1008533,0.614011585712433
1008536,0.550752729177475
1008538,0.119717821478844
1008539,0.613084137439728
1008542,0.613084137439728
1008544,0.242453351616859
1008545,0.387878149747849
1008546,0.604066729545593
1008548,0.620600283145905
1008551,0.613084137439728
1008554,0.699409037828445
1008556,0.612641513347626
1008557,0.613084137439728
1008558,0.613084137439728
1008560,0.595266103744507
1008565,0.624185144901276
1008571,0.752238094806671
1008572,0.119982697069645
1008573,0.613084137439728
1008575,0.423653721809387
1008576,0.556518971920013
1008579,0.00550557160750031
1008580,0.144100464880466
1008585,0.242225602269173
1008586,0.102939758449793
1008587,0.614001482725143
1008589,0.613084137439728
1008590,0.374823361635208
1008592,0.366628974676132
1008594,0.61395255724589
1008596,0.136875045485795
1008597,0.613084137439728
1008604,0.613287250200907
1008606,0.616408407688141
1008612,0.546674430370331
1008613,0.291737327973048
1008614,0.637089848518372
1008617,0.365694969892502
1008622,0.122165512293577
1008624,0.607601384321849
1008625,0.0944502279162407
1008626,0.67767600218455
1008629,0.216658383607864
1008630,0.576866189638774
1008634,0.499059647321701
1008636,0.613084137439728
1008637,0.6561439037323
1008638,0.309593081474304
1008641,0.613084137439728
1008645,0.322758577764034
1008648,0.311442310611407
1008650,0.613084137439728
1008651,0.615626573562622
1008653,0.613084137439728
1008655,0.616582989692688
1008656,0.613084137439728
1008657,0.61337951819102
1008658,0.575620532035828
1008661,0.555400431156158
1008663,0.617327431837718
1008664,0.613084137439728
1008665,0.402761161327362
1008669,0.543455526232719
1008670,0.519984145959218
1008675,0.378356575965881
1008676,0.647099872430166
1008678,0.611801624298096
1008679,0.613084137439728
1008683,0.613084137439728
1008688,0.613084137439728
1008689,0.550226211547852
1008690,0.656333029270172
1008691,0.603506863117218
1008693,0.613084137439728
1008694,0.613084137439728
1008698,0.613084137439728
1008701,0.165146313607693
1008706,0.613084137439728
1008708,0.0934942650298278
1008711,0.613084137439728
1008719,0.613084137439728
1008722,0.392173454165459
1008728,0.261292025446892
1008730,0.321289894753136
1008732,0.612096726894379
1008733,0.623279094696045
1008736,0.446544736623764
1008741,0.539768894513448
1008744,0.598970115184784
1008747,0.613084137439728
1008754,0.613084137439728
1008756,0.490247875452042
1008757,0.628108243147532
1008760,0.500831425189972
1008765,0.230675513545672
1008768,0.613084137439728
1008770,0.471588323513667
1008775,0.109384298324585
1008779,0.632473468780518
1008786,0.47088897228241
1008797,0.613084137439728
1008799,0.642640590667725
1008801,0.613084137439728
1008803,0.0935105408231417
1008808,0.613084137439728
1008809,0.0750196079413096
1008811,0.613084137439728
1008818,0.614585816860199
1008820,0.32938277721405
1008823,0.562681744496028
1008824,0.613084137439728
1008830,0.613084137439728
1008833,0.611288726329803
1008834,0.61365153392156
1008836,0.590088307857513
1008838,0.584307213624318
1008840,0.591900229454041
1008841,0.176053732633591
1008843,0.613084137439728
1008844,0.613084137439728
1008846,0.331017047166824
1008847,0.203748855739832
1008848,0.591769635677338
1008851,0.613084137439728
1008852,0.664653897285461
1008855,0.613084137439728
1008857,0.66629096865654
1008863,0.650426387786865
1008867,0.613084137439728
1008872,0.322069068749746
1008874,0.613411039113998
1008879,0.538412928581238
1008884,0.613084137439728
1008885,0.498040273785591
1008888,0.593640476465225
1008890,0.61560446023941
1008894,0.613084137439728
1008896,0.548464357852936
1008900,0.0389991030097008
1008901,0.493465006351471
1008902,0.224582180380821
1008903,0.513669540484746
1008905,0.613084137439728
1008907,0.532454624772072
1008908,0.591345548629761
1008910,0.405251257121563
1008911,0.505500415960948
1008912,0.127132251858711
1008917,0.606778413057327
1008923,0.664244453112284
1008924,0.613084137439728
1008925,0.743468582630157
1008928,0.552795211474101
1008931,0.609650194644928
1008933,0.613084137439728
1008935,0.614467163880666
1008936,0.54629518588384
1008943,0.613084137439728
1008945,0.640905112028122
1008946,0.613084137439728
1008950,0.373126645882924
1008956,0.140034470707178
1008958,0.613084137439728
1008960,0.094385489821434
1008962,0.613084137439728
1008966,0.614975293477376
1008968,0.616835832595825
1008970,0.215280629694462
1008971,0.695351302623749
1008976,0.602253556251526
1008978,0.605858167012533
1008979,0.613084137439728
1008985,0.613084137439728
1008986,0.285050310194492
1008988,0.303252369165421
1008991,0.613084137439728
1009000,0.613084137439728
1009001,0.63304615020752
1009003,0.613084137439728
1009007,0.636914670467377
1009008,0.591281592845917
1009013,0.337133884429932
1009014,0.442271500825882
1009015,0.021949291229248
1009018,0.613084137439728
1009019,0.613084137439728
1009020,0.613084137439728
1009026,0.57363373041153
1009030,0.317880367239316
1009031,0.613084137439728
1009034,0.613084137439728
1009035,0.400277117888133
1009037,0.53926856815815
1009038,0.558938443660736
1009039,0.546993583440781
1009046,0.060172576457262
1009048,0.476173023382823
1009049,0.613084137439728
1009052,0.553274571895599
1009053,0.583294987678528
1009056,0.0158022823743522
1009058,0.613084137439728
1009061,0.511813521385193
1009064,0.527738650639852
1009066,0.613084137439728
1009067,0.613084137439728
1009069,0.09736368060112
1009071,0.369762420654297
1009072,0.452532008290291
1009073,0.451171378294627
1009076,0.613084137439728
1009077,0.453374207019806
1009079,0.613084137439728
1009080,0.926056126753489
1009084,0.362713356812795
1009086,0.613084137439728
1009089,0.613382935523987
1009091,0.548135221004486
1009092,0.607300102710724
1009097,0.129894795517127
1009104,0.609753489494324
1009107,0.531580150127411
1009109,0.641990025838216
1009111,0.617507308721542
1009116,0.566704054673513
1009117,0.625367403030396
1009121,0.575691858927409
1009123,0.396501928567886
1009124,0.613084137439728
1009125,0.613084137439728
1009127,0.613084137439728
1009129,0.423285514116287
1009130,0.466925730307897
1009136,0.634711414575577
1009137,0.565174281597137
1009140,0.707073092460632
1009141,0.613084137439728
1009143,0.613084137439728
1009145,0.477368980646133
1009150,0.613084137439728
1009154,0.606355279684067
1009155,0.250556066632271
1009157,0.613084137439728
1009160,0.540006011724472
1009162,0.568169832229614
1009168,0.734726548194885
1009169,0.613084137439728
1009173,0.613084137439728
1009176,0.276756353676319
1009179,0.557936906814575
1009182,0.67617122332255
1009183,0.554803560177485
1009184,0.602370172739029
1009185,0.613645911216736
1009193,0.613084137439728
1009194,0.530003050963084
1009196,0.594745894273122
1009197,0.403450846672058
1009202,0.484360158443451
1009206,0.613084137439728
1009222,0.559692442417145
1009226,0.409756645560265
1009228,0.613930404186249
1009230,0.0354416482150555
1009233,0.613084137439728
1009234,0.267072223126888
1009235,0.613084137439728
1009236,0.558083653450012
1009238,0.613084137439728
1009239,0.626109778881073
1009241,0.613084137439728
1009242,0.573037624359131
1009243,0.0764012535413106
1009247,0.613084137439728
1009258,0.284451544284821
1009260,0.590583086013794
1009264,0.613584200541178
1009266,0.523533508181572
1009268,0.490247875452042
1009269,0.601552108923594
1009272,0.613084137439728
1009276,0.613084137439728
1009278,0.613084137439728
1009279,0.613084137439728
1009280,0.0363445524126291
1009281,0.613084137439728
1009282,0.613084137439728
1009294,0.136041462421417
1009297,0.259162592391173
1009298,0.613503972689311
1009300,0.613084137439728
1009304,0.511779725551605
1009306,0.616539518038432
1009309,0.541283130645752
1009312,0.613745232423147
1009316,0.613084137439728
1009322,0.0696272179484367
1009326,0.593664616346359
1009331,0.608846505482992
1009333,0.616666793823242
1009334,0.613084137439728
1009340,0.613084137439728
1009342,0.613084137439728
1009343,0.389835278193156
1009344,0.559760391712189
1009345,0.613084137439728
1009346,0.617651422818502
1009351,0.616729617118835
1009353,0.727663258711497
1009354,0.613084137439728
1009355,0.615110615889231
1009358,0.613254636526108
1009359,0.613084137439728
1009362,0.594610750675201
1009364,0.543607532978058
1009369,0.611069798469543
1009371,0.613084137439728
1009372,0.568414270877838
1009375,0.345620796084404
1009376,0.613084137439728
1009381,0.613084137439728
1009382,0.613084137439728
1009388,0.48120042681694
1009392,0.613084137439728
1009395,0.228066489100456
1009400,0.613084137439728
1009401,0.562865853309631
1009402,0.114796906709671
1009406,0.613084137439728
1009407,0.409804403781891
1009408,0.613084137439728
1009411,0.645789643128713
1009412,0.0640065744519234
1009414,0.613084137439728
1009416,0.0527745559811592
1009419,0.613084137439728
1009420,0.613084137439728
1009421,0.613084137439728
1009426,0.531433304150899
1009427,0.121838700026274
1009431,0.0775677512089411
1009432,0.0146879567764699
1009433,0.473162333170573
1009434,0.613084137439728
1009435,0.550459355115891
1009436,0.613084137439728
1009437,0.319517071048419
1009438,0.217249845465024
1009443,0.659870684146881
1009446,0.631409168243408
1009447,0.52528840303421
1009449,0.0397723075002432
1009451,0.795728445053101
1009453,0.61354923248291
1009454,0.613084137439728
1009457,0.554087847471237
1009458,0.205955060819785
1009461,0.613084137439728
1009463,0.589021503925323
1009465,0.403555124998093
1009466,0.676759660243988
1009467,0.664402186870575
1009468,0.613084137439728
1009472,0.369149297475815
1009474,0.585134049256643
1009477,0.42444172501564
1009480,0.299432148536046
1009482,0.609070559342702
1009486,0.609334150950114
1009488,0.613084137439728
1009493,0.392486711343129
1009497,0.613084137439728
1009498,0.574129859606425
1009502,0.613084137439728
1009507,0.613084137439728
1009509,0.613084137439728
1009510,0.61348432302475
1009513,0.613084137439728
1009514,0.601204256216685
1009523,0.0435885787010193
1009524,0.613084137439728
1009525,0.728677233060201
1009529,0.613084137439728
1009532,0.625812391440074
1009533,0.613084137439728
1009534,0.613084137439728
1009535,0.574157506227493
1009536,0.613084137439728
1009538,0.520359923442205
1009541,0.3415123000741
1009542,0.613084137439728
1009544,0.613084137439728
1009549,0.0189211673568934
1009551,0.450648347536723
1009552,0.603563606739044
1009553,0.584935247898102
1009557,0.772361437479655
1009560,0.613084137439728
1009562,0.613084137439728
1009563,0.387775177756945
1009565,0.408784806728363
1009566,0.635346829891205
1009571,0.333653291066488
1009572,0.35149872303009
1009574,0.0500339660793543
1009577,0.591810425122579
1009581,0.0936597287654877
1009583,0.613084137439728
1009584,0.217759445309639
1009585,0.613084137439728
1009592,0.594629049301147
1009593,0.570938795804977
1009596,0.490800559520721
1009597,0.348277032375336
1009600,0.613980829715729
1009603,0.613084137439728
1009604,0.631687581539154
1009606,0.613084137439728
1009607,0.436123386025429
1009608,0.600805004437765
1009613,0.592469334602356
1009618,0.57514351606369
1009619,0.539969906210899
1009620,0.613084137439728
1009621,0.316888600587845
1009623,0.613084137439728
1009628,0.48485545317332
1009631,0.279356693228086
1009634,0.102051784594854
1009635,0.550556793808937
1009636,0.613084137439728
1009638,0.613084137439728
1009640,0.602547258138657
1009643,0.736172914505005
1009644,0.613084137439728
1009646,0.613084137439728
1009649,0.613084137439728
1009652,0.613084137439728
1009654,0.591660976409912
1009655,0.613587141036987
1009658,0.613084137439728
1009659,0.613084137439728
1009660,0.495109031597773
1009662,0.13604824244976
1009663,0.62148662408193
1009665,0.566750526428223
1009667,0.614776730537415
1009669,0.543561935424805
1009670,0.450541973114014
1009671,0.613939940929413
1009677,0.31895586848259
1009678,0.613084137439728
1009680,0.553752675652504
1009681,0.608845134576162
1009682,0.342042773962021
1009683,0.548313558101654
1009693,0.618151326974233
1009698,0.4844924112161
1009701,0.0764677375555038
1009702,0.153505332767963
1009705,0.537855267524719
1009716,0.0162486489862204
1009718,0.614210347334544
1009721,0.613084137439728
1009722,0.585070639848709
1009727,0.503861606121063
1009732,0.550986215472221
1009734,0.517801284790039
1009736,0.318581148982048
1009741,0.120524309575558
1009742,0.671838879585266
1009745,0.513461997111638
1009747,0.490146189928055
1009750,0.575985252857208
1009752,0.540136620402336
1009753,0.19383804500103
1009755,0.519926756620407
1009756,0.613084137439728
1009758,0.519526839256287
1009759,0.587323049704234
1009760,0.591561377048492
1009761,0.613084137439728
1009762,0.338913589715958
1009764,0.548445165157318
1009765,0.613084137439728
1009766,0.613084137439728
1009767,0.613084137439728
1009768,0.613084137439728
1009771,0.553619623184204
1009773,0.613084137439728
1009776,0.541534662246704
1009777,0.58467290798823
1009779,0.53004178404808
1009780,0.613084137439728
1009782,0.65566474199295
1009784,0.130744010210037
1009789,0.489491790533066
1009791,0.490146189928055
1009792,0.613084137439728
1009795,0.390141248703003
1009796,0.653531630833944
1009805,0.613084137439728
1009807,0.602118134498596
1009812,0.252435989677906
1009821,0.595334529876709
1009822,0.616887708504995
1009825,0.613084137439728
1009827,0.61638993024826
1009829,0.613232374191284
1009832,0.613084137439728
1009835,0.251931965351105
1009838,0.570727646350861
1009839,0.190554544950525
1009841,0.614141821861267
1009847,0.0791135206818581
1009848,0.598044276237488
1009849,0.142944912115733
1009853,0.533179968595505
1009855,0.613084137439728
1009856,0.479613324006399
1009859,0.440970882773399
1009861,0.613084137439728
1009862,0.495801051457723
1009873,0.528796195983887
1009882,0.613084137439728
1009883,0.422297768294811
1009884,0.614708721637726
1009887,0.649300694465637
1009889,0.0259040333330631
1009890,0.618622203667959
1009896,0.125340357422829
1009906,0.610482116540273
1009910,0.442322835326195
1009911,0.46391557653745
1009913,0.0841770619153976
1009915,0.493465006351471
1009917,0.423517420887947
1009921,0.613084137439728
1009930,0.490146189928055
1009931,0.613084137439728
1009933,0.561627189318339
1009934,0.59519624710083
1009935,0.489228188991547
1009942,0.0774113833904266
1009944,0.613084137439728
1009945,0.563081026077271
1009946,0.613084137439728
1009947,0.529872258504232
1009949,0.722887694835663
1009950,0.523290693759918
1009954,0.666134595870972
1009958,0.613084137439728
1009961,0.613084137439728
1009971,0.613084137439728
1009972,0.613410135110219
1009983,0.727368156115214
1009985,0.600267648696899
1009991,0.565786421298981
1009997,0.628756403923035
1010003,0.633756875991821
1010007,0.469914813836416
1010008,0.251020967960358
1010009,0.518936514854431
1010010,0.408806582291921
1010014,0.613084137439728
1010015,0.3897938032945
1010019,0.488509605328242
1010021,0.453249379992485
1010025,0.613084137439728
1010031,0.156642156342665
1010039,0.5607890188694
1010041,0.613084137439728
1010042,0.613084137439728
1010044,0.546645045280457
1010045,0.543967366218567
1010046,0.575095673402151
1010047,0.609319090843201
1010049,0.613084137439728
1010050,0.597670376300812
1010051,0.235951125621796
1010052,0.613084137439728
1010053,0.156073644757271
1010054,0.556412622332573
1010057,0.617214123408
1010058,0.696904242038727
1010064,0.602411210536957
1010066,0.559307674566905
1010067,0.618222802877426
1010069,0.613084137439728
1010070,0.613084137439728
1010071,0.699728667736053
1010072,0.492507785558701
1010073,0.613084137439728
1010074,0.0159383621066809
1010079,0.613084137439728
1010081,0.643042117357254
1010084,0.402190109093984
1010088,0.0100552053190768
1010089,0.260293174535036
1010092,0.0952946121493975
1010094,0.501468002796173
1010098,0.613084137439728
1010099,0.645761648813883
1010102,0.127872109413147
1010108,0.613084137439728
1010115,0.500845491886139
1010121,0.623732626438141
1010124,0.662308096885681
1010129,0.613263547420502
1010132,0.613084137439728
1010136,0.614523609479268
1010137,0.279460036195815
1010138,0.613084137439728
1010139,0.659661829471588
1010141,0.559521198272705
1010145,0.592333674430847
1010146,0.275969162583351
1010155,0.613084137439728
1010156,0.578691273927689
1010157,0.616258233785629
1010159,0.613084137439728
1010161,0.550575494766235
1010165,0.477626929680506
1010169,0.613084137439728
1010171,0.613084137439728
1010172,0.613084137439728
1010173,0.613084137439728
1010176,0.613084137439728
1010182,0.657976567745209
1010183,0.659647345542908
1010191,0.612833380699158
1010192,0.688345193862915
1010195,0.463676154613495
1010197,0.514974415302277
1010208,0.613084137439728
1010209,0.613084137439728
1010210,0.665379464626312
1010214,0.591610729694366
1010217,0.554271578788757
1010223,0.613084137439728
1010232,0.489021748304367
1010233,0.584539771080017
1010239,0.613084137439728
1010245,0.613084137439728
1010249,0.355605274438858
1010251,0.593482106924057
1010257,0.58329846461614
1010260,0.60780264933904
1010261,0.562179744243622
1010262,0.613084137439728
1010265,0.613084137439728
1010269,0.541343525052071
1010270,0.620087444782257
1010272,0.613571186860402
1010279,0.615390002727509
1010283,0.613084137439728
1010284,0.696740428606669
1010285,0.613597293694814
1010287,0.493488967418671
1010290,0.616054972012838
1010291,0.613084137439728
1010295,0.613084137439728
1010296,0.592410147190094
1010300,0.613084137439728
1010301,0.613084137439728
1010302,0.541690021753311
1010307,0.493707746267319
1010308,0.293937464555105
1010310,0.613084137439728
1010312,0.613084137439728
1010317,0.591718137264252
1010319,0.0202154200524092
1010322,0.614695727825165
1010326,0.615881661574046
1010331,0.350256741046906
1010335,0.613084137439728
1010338,0.472470760345459
1010340,0.546118319034576
1010348,0.613084137439728
1010349,0.635317862033844
1010353,0.613084137439728
1010358,0.464539244771004
1010363,0.613171249628067
1010364,0.613643229007721
1010365,0.528850416342417
1010372,0.613821983337402
1010373,0.661739031473796
1010374,0.20722296833992
1010380,0.605499764283498
1010381,0.613084137439728
1010388,0.614386081695557
1010389,0.613084137439728
1010393,0.613084137439728
1010395,0.613084137439728
1010396,0.550225973129272
1010402,0.599187692006429
1010408,0.528832912445068
1010409,0.613084137439728
1010410,0.0617274940013885
1010415,0.141829110992452
1010417,0.402211159467697
1010419,0.613084137439728
1010426,0.537211000919342
1010428,0.600902915000916
1010429,0.139754474163055
1010435,0.613084137439728
1010438,0.183357164263725
1010442,0.165537603199482
1010443,0.613084137439728
1010445,0.614177137613297
1010447,0.0958849526941776
1010448,0.613084137439728
1010452,0.0842367759905756
1010458,0.461930185556412
1010462,0.613084137439728
1010464,0.469759732484818
1010467,0.53896552324295
1010469,0.447456061840057
1010470,0.265456241865953
1010471,0.468255192041397
1010473,0.613084137439728
1010474,0.535304814577103
1010475,0.430828725298246
1010478,0.132624424993992
1010481,0.590119868516922
1010484,0.613084137439728
1010488,0.591726243495941
1010490,0.377989848454793
1010493,0.613084137439728
1010499,0.613430897394816
1010502,0.489451915025711
1010507,0.61331233382225
1010508,0.0847355797886848
1010510,0.32945338388284
1010511,0.591266254583995
1010515,0.386083588004112
1010517,0.62418794631958
1010518,0.551019668579102
1010522,0.551326110959053
1010523,0.559292793273926
1010525,0.643177886803945
1010528,0.511442621548971
1010529,0.271869078278542
1010531,0.336370572447777
1010532,0.618186086416245
1010533,0.0168150346726179
1010535,0.589623749256134
1010538,0.613084137439728
1010544,0.613084137439728
1010554,0.613084137439728
1010559,0.188640400767326
1010560,0.61219847202301
1010561,0.613084137439728
1010562,0.613084137439728
1010564,0.613084137439728
1010566,0.613084137439728
1010571,0.613084137439728
1010576,0.613084137439728
1010578,0.306943247715632
1010582,0.604082345962524
1010585,0.613107800483704
1010588,0.107407733798027
1010593,0.550849676132202
1010594,0.467232316732407
1010597,0.383762151002884
1010598,0.433951288461685
1010601,0.628248751163483
1010602,0.681553939978282
1010605,0.559945007165273
1010607,0.598401089509328
1010612,0.615723232428233
1010614,0.535927931467692
1010617,0.613084137439728
1010618,0.329300135374069
1010619,0.124102558940649
1010622,0.613084137439728
1010623,0.613084137439728
1010627,0.171385827163855
1010636,0.613084137439728
1010637,0.613084137439728
1010638,0.106299345691999
1010645,0.322297198077043
1010647,0.106543134897947
1010657,0.60333314538002
1010662,0.451666653156281
1010667,0.59306326508522
1010672,0.414527669548988
1010677,0.613084137439728
1010679,0.649105757474899
1010681,0.613084137439728
1010684,0.613380074501038
1010687,0.613084137439728
1010691,0.613084137439728
1010693,0.605070471763611
1010698,0.489106327295303
1010699,0.416559447844823
1010700,0.617883831262589
1010702,0.613084137439728
1010708,0.568123161792755
1010709,0.614021837711334
1010710,0.613084137439728
1010711,0.649564564228058
1010718,0.613084137439728
1010720,0.527772665023804
1010722,0.613084137439728
1010724,0.615272541840871
1010727,0.617963910102844
1010729,0.613084137439728
1010734,0.613935708999634
1010738,0.552525088191032
1010742,0.613084137439728
1010744,0.613084137439728
1010746,0.0157723221927881
1010748,0.62842188278834
1010755,0.558577120304108
1010760,0.676741093397141
1010761,0.132747666289409
1010762,0.562000542879105
1010766,0.401638835668564
1010768,0.591666638851166
1010769,0.130422276755174
1010771,0.662442326545715
1010776,0.613154590129852
1010781,0.613084137439728
1010783,0.613084137439728
1010785,0.592323273420334
1010788,0.613084137439728
1010793,0.613084137439728
1010800,0.613084137439728
1010801,0.501440703868866
1010805,0.0942160797615846
1010808,0.350076119105021
1010813,0.613084137439728
1010818,0.510354205965996
1010820,0.613157451152802
1010833,0.658951938152313
1010837,0.613084137439728
1010840,0.395484507083893
1010841,0.613084137439728
1010845,0.590759575366974
1010846,0.757519960403442
1010852,0.495216116309166
1010854,0.745681345462799
1010856,0.613732675711314
1010859,0.614638606707255
1010864,0.0491296760737896
1010867,0.613084137439728
1010869,0.146261498332024
1010870,0.488743141293526
1010873,0.586709022521973
1010874,0.613084137439728
1010883,0.156148031353951
1010885,0.592481672763824
1010888,0.555967032909393
1010889,0.113825157284737
1010894,0.239131699005763
1010899,0.607105106115341
1010902,0.613084137439728
1010907,0.614224672317505
1010910,0.613176137208939
1010911,0.613084137439728
1010918,0.613084137439728
1010921,0.605154395103455
1010925,0.51755678653717
1010926,0.613084137439728
1010927,0.493740975856781
1010932,0.490142077207565
1010933,0.223587028682232
1010938,0.561365962028503
1010939,0.613084137439728
1010943,0.439990093310674
1010949,0.613084137439728
1010950,0.613524407148361
1010951,0.597185750802358
1010954,0.613084137439728
1010956,0.613084137439728
1010957,0.0354102005561193
1010959,0.341992189486821
1010962,0.564690053462982
1010967,0.615083535512288
1010968,0.158177465200424
1010972,0.625883609056473
1010976,0.738650977611542
1010978,0.634178817272186
1010979,0.613084137439728
1010985,0.613084137439728
1010986,0.703341424465179
1010987,0.183018736541271
1010991,0.140511270612478
1010992,0.269518911838531
1010996,0.356551691889763
1010999,0.516324321428935
1011003,0.61230194568634
1011004,0.311597973108292
1011007,0.309785092870394
1011016,0.209553559621175
1011019,0.613084137439728
1011027,0.613084137439728
1011028,0.613084137439728
1011029,0.613118499517441
1011030,0.0567483808845282
1011031,0.613084137439728
1011033,0.494584023952484
1011034,0.543176352977753
1011035,0.613084137439728
1011036,0.613084137439728
1011037,0.613084137439728
1011039,0.563155680894852
1011042,0.544720898071925
1011043,0.491362303495407
1011045,0.613084137439728
1011047,0.0162292731304963
1011048,0.700498859087626
1011049,0.392674714326859
1011050,0.381069342295329
1011051,0.269812077283859
1011053,0.613084137439728
1011055,0.613084137439728
1011056,0.561384439468384
1011057,0.591986119747162
1011058,0.323988690972328
1011061,0.587969819704692
1011063,0.598793476819992
1011064,0.675298432509104
1011065,0.0561395734548569
1011068,0.613084137439728
1011070,0.0101980455219746
1011072,0.602198928594589
1011075,0.587968289852142
1011086,0.613084137439728
1011088,0.613084137439728
1011089,0.409882058699926
1011090,0.312368929386139
1011092,0.60298815369606
1011099,0.0201431829482317
1011100,0.617359280586243
1011102,0.613084137439728
1011110,0.687492072582245
1011111,0.592296242713928
1011115,0.248121360937754
1011119,0.613084137439728
1011120,0.613084137439728
1011122,0.613917311032613
1011125,0.59142678976059
1011126,0.109746053814888
1011127,0.529097467660904
1011128,0.602790385484695
1011133,0.613084137439728
1011137,0.613084137439728
1011154,0.0274792686104774
1011158,0.559856832027435
1011167,0.614767471949259
1011169,0.243887312710285
1011171,0.589278608560562
1011176,0.613084137439728
1011178,0.613084137439728
1011180,0.416518757740657
1011181,0.613732218742371
1011182,0.366877499967813
1011183,0.660346686840057
1011184,0.613084137439728
1011188,0.613915383815765
1011192,0.337887853384018
1011194,0.592485666275024
1011195,0.0339673943817616
1011197,0.123063988983631
1011202,0.613084137439728
1011203,0.571823090314865
1011205,0.613084137439728
1011209,0.613814373811086
1011211,0.613084137439728
1011212,0.634996026754379
1011215,0.550816282629967
1011217,0.531866669654846
1011218,0.613084137439728
1011219,0.158849642922481
1011222,0.613084137439728
1011225,0.472826436161995
1011227,0.616887003183365
1011230,0.613084137439728
1011239,0.472555329402288
1011242,0.613084137439728
1011245,0.613084137439728
1011246,0.0169096430763602
1011248,0.402680486440659
1011254,0.613084137439728
1011255,0.617378205060959
1011259,0.613084137439728
1011260,0.613084137439728
1011263,0.613084137439728
1011264,0.613084137439728
1011267,0.613084137439728
1011268,0.613084137439728
1011270,0.5882628262043
1011271,0.613084137439728
1011275,0.186675744752089
1011276,0.607804795106252
1011277,0.613699615001678
1011285,0.598934431870778
1011287,0.613084137439728
1011289,0.571192840735118
1011291,0.61524823307991
1011302,0.613084137439728
1011309,0.640866239865621
1011310,0.490927755832672
1011312,0.613084137439728
1011326,0.617693722248077
1011329,0.613084137439728
1011330,0.723612089951833
1011335,0.465460449457169
1011344,0.613084137439728
1011346,0.614038318395615
1011350,0.612541973590851
1011351,0.613084137439728
1011357,0.614414036273956
1011361,0.615676879882812
1011369,0.613084137439728
1011370,0.529279371102651
1011373,0.416554033756256
1011375,0.0835774764418602
1011377,0.0404375245173772
1011379,0.613084137439728
1011382,0.367220416665077
1011393,0.264326731363932
1011401,0.613084137439728
1011404,0.0595489150534073
1011405,0.673961609601974
1011406,0.647638062636057
1011411,0.613084137439728
1011414,0.398637294769287
1011416,0.58253002166748
1011420,0.613084137439728
1011421,0.596203029155731
1011424,0.592018365859985
1011425,0.588605880737305
1011426,0.612238943576813
1011427,0.458649853865306
1011428,0.565634250640869
1011433,0.542637005448341
1011439,0.613084137439728
1011440,0.281844263275464
1011444,0.592729568481445
1011445,0.618529915809631
1011446,0.0446046069264412
1011449,0.610270460446676
1011454,0.105382610112429
1011457,0.613084137439728
1011462,0.55714617172877
1011463,0.282218715175986
1011465,0.613084137439728
1011466,0.489205062389374
1011467,0.65780046582222
1011470,0.613084137439728
1011474,0.58538144826889
1011476,0.613084137439728
1011481,0.5208959877491
1011482,0.356829628348351
1011483,0.469904333353043
1011485,0.529665609200796
1011487,0.613084137439728
1011490,0.406224797169367
1011496,0.613084137439728
1011498,0.139046281576157
1011507,0.573251366615295
1011508,0.464307084679604
1011515,0.613084137439728
1011517,0.623017013072968
1011520,0.749025106430054
1011525,0.613084137439728
1011532,0.602361917495728
1011533,0.613946974277496
1011536,0.0835949182510376
1011538,0.131291994825006
1011540,0.613084137439728
1011544,0.513878464698792
1011548,0.613084137439728
1011549,0.613311807314555
1011554,0.59284120798111
1011556,0.613084137439728
1011557,0.613332251707713
1011561,0.613084137439728
1011562,0.613084137439728
1011566,0.414364024996758
1011572,0.48904787003994
1011575,0.576503872871399
1011577,0.600144535303116
1011579,0.238008491694927
1011580,0.615126013755798
1011581,0.037127573043108
1011589,0.613084137439728
1011590,0.481986780961355
1011591,0.56422566374143
1011595,0.613230854272842
1011596,0.613084137439728
1011597,0.613042831420898
1011602,0.613566557566325
1011603,0.613084137439728
1011614,0.613084137439728
1011615,0.513689294457436
1011621,0.615928709506989
1011623,0.59419858455658
1011631,0.613084137439728
1011634,0.578093806902568
1011635,0.613084137439728
1011638,0.492555618286133
1011643,0.613084137439728
1011647,0.489884436130524
1011651,0.0545965451747179
1011656,0.266078948974609
1011657,0.617252806822459
1011659,0.560904324054718
1011662,0.625815689563751
1011663,0.498914023240407
1011665,0.220601983368397
1011667,0.613084137439728
1011671,0.577541887760162
1011678,0.613084137439728
1011680,0.613432943820953
1011683,0.613084137439728
1011688,0.606726706027985
1011690,0.613900264104207
1011700,0.606439828872681
1011702,0.613084137439728
1011706,0.613084137439728
1011708,0.614087164402008
1011711,0.613084137439728
1011714,0.613084137439728
1011721,0.330916598439217
1011725,0.559439718723297
1011732,0.387368485331535
1011733,0.613311966260274
1011738,0.613084137439728
1011740,0.226930320262909
1011742,0.484150250752767
1011745,0.169744988903403
1011754,0.0586390113458037
1011762,0.478926718235016
1011765,0.571672260761261
1011768,0.621307154496511
1011770,0.569000681241353
1011772,0.0127887266377608
1011773,0.57537704706192
1011774,0.164937682449818
1011778,0.592128455638885
1011782,0.146494063238303
1011784,0.613084137439728
1011790,0.618382175763448
1011791,0.571513493855794
1011796,0.613084137439728
1011797,0.102761268615723
1011803,0.604734092950821
1011806,0.613084137439728
1011807,0.58302503824234
1011809,0.613084137439728
1011812,0.591454684734344
1011813,0.642821490764618
1011816,0.252728884418805
1011817,0.616924732923508
1011819,0.613084137439728
1011820,0.586346328258514
1011825,0.553843438625336
1011827,0.613084137439728
1011835,0.762592136859894
1011836,0.0215970817953348
1011837,0.564120829105377
1011844,0.613084137439728
1011853,0.492500752210617
1011857,0.613084137439728
1011859,0.446213588118553
1011861,0.613084137439728
1011865,0.613084137439728
1011872,0.613084137439728
1011876,0.613084137439728
1011877,0.488756477832794
1011882,0.268422936399778
1011883,0.61476864417394
1011886,0.613084137439728
1011892,0.613084137439728
1011894,0.416628032922745
1011897,0.613084137439728
1011901,0.499145865440369
1011904,0.0285846733798583
1011908,0.613223989804586
1011910,0.277972623705864
1011914,0.5520059466362
1011919,0.557385087013245
1011920,0.406439051032066
1011923,0.58741283416748
1011925,0.613084137439728
1011932,0.613084137439728
1011938,0.0733029395341873
1011939,0.613084137439728
1011942,0.630606651306152
1011943,0.613084137439728
1011947,0.647839069366455
1011949,0.613084137439728
1011950,0.472490817308426
1011956,0.184291124343872
1011959,0.613084137439728
1011962,0.490966841578484
1011966,0.613503893216451
1011967,0.613084137439728
1011972,0.614782422780991
1011973,0.613084137439728
1011975,0.563359260559082
1011978,0.651458978652954
1011988,0.707565089066823
1011993,0.613084137439728
1011994,0.327164620161057
1011995,0.6131791472435
1011996,0.613084137439728
1011997,0.613084137439728
1011998,0.509608745574951
1011999,0.595194071531296
1012006,0.613084137439728
1012009,0.342149078845978
1012014,0.613084137439728
1012015,0.596141755580902
1012017,0.613084137439728
1012018,0.522767245769501
1012020,0.638104468584061
1012021,0.153089970350266
1012028,0.452538460493088
1012039,0.591815114021301
1012044,0.613084137439728
1012045,0.598221659660339
1012046,0.613084137439728
1012057,0.541897654533386
1012060,0.613084137439728
1012064,0.613084137439728
1012066,0.600962618986766
1012070,0.614230990409851
1012071,0.649016439914703
1012081,0.592473179101944
1012084,0.613084137439728
1012088,0.613084137439728
1012091,0.0343199968338013
1012092,0.613090097904205
1012093,0.613084137439728
1012097,0.613084137439728
1012102,0.586151838302612
1012103,0.484372437000275
1012105,0.490634456276894
1012109,0.490800559520721
1012117,0.209519170224667
1012122,0.426064342260361
1012130,0.613084137439728
1012133,0.614614586035411
1012134,0.613084137439728
1012136,0.613084137439728
1012139,0.415126860141754
1012140,0.613084137439728
1012142,0.628044168154399
1012143,0.613084137439728
1012144,0.610639244318008
1012146,0.44783590734005
1012149,0.59137350320816
1012150,0.692795217037201
1012155,0.071247398853302
1012158,0.550503075122833
1012159,0.51153826713562
1012161,0.613084137439728
1012162,0.507592588663101
1012171,0.551692754030228
1012172,0.613084137439728
1012173,0.563234229882558
1012181,0.4863001704216
1012182,0.613084137439728
1012184,0.438864668210347
1012185,0.485230132937431
1012186,0.285401587684949
1012187,0.611116349697113
1012196,0.101381970569491
1012200,0.613084137439728
1012202,0.619133234024048
1012204,0.613084137439728
1012205,0.602142661809921
1012209,0.613084137439728
1012212,0.613084137439728
1012219,0.613084137439728
1012221,0.585577994585037
1012226,0.591221392154694
1012228,0.155832305550575
1012231,0.613084137439728
1012237,0.346089646220207
1012241,0.267457962036133
1012248,0.699146717786789
1012249,0.543815523386002
1012250,0.585009604692459
1012251,0.613966107368469
1012253,0.613084137439728
1012256,0.585014522075653
1012261,0.613084137439728
1012262,0.429028496146202
1012265,0.493783310055733
1012266,0.221848890185356
1012267,0.490593522787094
1012268,0.627908706665039
1012274,0.602123588323593
1012276,0.613084137439728
1012285,0.613311588764191
1012287,0.182208210229874
1012288,0.613218545913696
1012299,0.584190845489502
1012303,0.474007974068324
1012305,0.0491894138976932
1012312,0.397768288850784
1012316,0.607283333937327
1012317,0.501675710082054
1012318,0.560855209827423
1012319,0.626240581274033
1012320,0.182613437374433
1012325,0.530982772509257
1012326,0.613084137439728
1012327,0.613084137439728
1012328,0.567121267318726
1012331,0.530902534723282
1012334,0.613084137439728
1012337,0.613084137439728
1012338,0.591419100761414
1012340,0.613084137439728
1012346,0.591780841350555
1012349,0.609740217526754
1012355,0.613084137439728
1012356,0.613084137439728
1012357,0.613084137439728
1012363,0.613084137439728
1012366,0.55558967590332
1012370,0.594058275222778
1012374,0.620852649211884
1012376,0.765167653560638
1012378,0.613084137439728
1012379,0.622550706068675
1012380,0.0815282948315144
1012386,0.731766879558563
1012387,0.593016654253006
1012388,0.287773326039314
1012396,0.613084137439728
1012408,0.613084137439728
1012414,0.592990607023239
1012424,0.0995282381772995
1012425,0.613084137439728
1012426,0.429021790623665
1012428,0.613084137439728
1012435,0.596027553081512
1012437,0.578119605779648
1012438,0.609663784503937
1012441,0.593673706054688
1012443,0.613487084706624
1012444,0.613084137439728
1012446,0.603378574053446
1012450,0.00367414118954912
1012454,0.578730493783951
1012455,0.648977369070053
1012460,0.613084137439728
1012464,0.613701343536377
1012465,0.511633709073067
1012470,0.358694478869438
1012478,0.289416551589966
1012481,0.650913834571838
1012482,0.613084137439728
1012483,0.490247875452042
1012487,0.613084137439728
1012488,0.538552939891815
1012494,0.613084137439728
1012495,0.613084137439728
1012496,0.613084137439728
1012505,0.613084137439728
1012515,0.613084137439728
1012516,0.613084137439728
1012519,0.140212208032608
1012532,0.250982999801636
1012533,0.490247875452042
1012534,0.55075915157795
1012535,0.595480233430862
1012540,0.613084137439728
1012541,0.486606150865555
1012546,0.0577706694602966
1012548,0.489272475242615
1012549,0.510633915662766
1012554,0.61312335729599
1012556,0.567967712879181
1012557,0.613084137439728
1012559,0.613084137439728
1012564,0.638264209032059
1012574,0.474905267357826
1012576,0.619955122470856
1012580,0.613084137439728
1012582,0.613913714885712
1012585,0.40427528321743
1012586,0.480520531535149
1012587,0.613084137439728
1012595,0.613084137439728
1012597,0.613084137439728
1012598,0.0132312616333365
1012599,0.0422211666591465
1012601,0.613084137439728
1012608,0.613084137439728
1012616,0.550460711121559
1012617,0.121462652459741
1012622,0.61682124932607
1012623,0.592390120029449
1012629,0.60393500328064
1012630,0.613084137439728
1012632,0.489205062389374
1012633,0.613084137439728
1012634,0.0567647889256477
1012636,0.613084137439728
1012640,0.12929688890775
1012642,0.301192611455917
1012646,0.30440420905749
1012648,0.613084137439728
1012650,0.615063369274139
1012654,0.613084137439728
1012655,0.557181537151337
1012656,0.615481595198313
1012658,0.647787034511566
1012659,0.505666941404343
1012660,0.59752893447876
1012665,0.219780672341585
1012667,0.569529801607132
1012670,0.493465006351471
1012672,0.613084137439728
1012675,0.48778247833252
1012682,0.613084137439728
1012683,0.563821901877721
1012685,0.613084137439728
1012686,0.647725701332092
1012687,0.489880681037903
1012688,0.613084137439728
1012691,0.613084137439728
1012692,0.489285588264465
1012694,0.420948356389999
1012695,0.130791172385216
1012700,0.549019455909729
1012702,0.439857572317123
1012703,0.591176480054855
1012704,0.614787817001343
1012712,0.132503561675549
1012716,0.613084137439728
1012718,0.613084137439728
1012722,0.614433467388153
1012727,0.492889066537221
1012728,0.392559965451558
1012735,0.613084137439728
1012736,0.613084137439728
1012737,0.613084137439728
1012738,0.014149566181004
1012741,0.613084137439728
1012746,0.22407104074955
1012750,0.615243077278137
1012751,0.616821110248566
1012757,0.613084137439728
1012758,0.594171583652496
1012762,0.614250779151917
1012766,0.502794563770294
1012777,0.592548489570618
1012780,0.613084137439728
1012788,0.268845602869987
1012789,0.395642826954524
1012790,0.431025117635727
1012793,0.612436751524607
1012794,0.613494555155436
1012798,0.63183656334877
1012801,0.125363018363714
1012802,0.190814694389701
1012809,0.613084137439728
1012810,0.489516139030457
1012813,0.49010768532753
1012814,0.16302877664566
1012823,0.605534762144089
1012824,0.617865741252899
1012828,0.613084137439728
1012840,0.364590428769588
1012842,0.613084137439728
1012845,0.613793969154358
1012850,0.591297090053558
1012859,0.613084137439728
1012865,0.613946229219437
1012869,0.803921540578206
1012873,0.616858164469401
1012876,0.587441802024841
1012877,0.613084137439728
1012880,0.596357345581055
1012887,0.606945812702179
1012888,0.613084137439728
1012889,0.581472138563792
1012894,0.613084137439728
1012901,0.613084137439728
1012902,0.458077063163122
1012903,0.616721272468567
1012909,0.0157669303007424
1012911,0.613084137439728
1012914,0.465321352084478
1012915,0.613431453704834
1012917,0.465338885784149
1012923,0.605934123198191
1012925,0.562088131904602
1012940,0.613494873046875
1012943,0.613382756710052
1012950,0.498972088098526
1012952,0.613776654005051
1012956,0.613084137439728
1012958,0.613084137439728
1012959,0.542559370398521
1012964,0.613084137439728
1012965,0.580451607704163
1012968,0.613084137439728
1012973,0.613084137439728
1012975,0.613084137439728
1012978,0.613084137439728
1012979,0.49439337849617
1012983,0.613084137439728
1012987,0.616502364476522
1012988,0.613084137439728
1012990,0.592396378517151
1012995,0.613084137439728
1012997,0.519030570983887
1013005,0.131731493398547
1013007,0.613084137439728
1013015,0.340303023656209
1013016,0.676226238409678
1013025,0.243989393115044
1013028,0.636190980672836
1013033,0.574132919311523
1013039,0.610589901606242
1013044,0.602016905943553
1013045,0.591723303000132
1013046,0.58810818195343
1013049,0.541679243246714
1013054,0.0193683262914419
1013056,0.613084137439728
1013058,0.458489596843719
1013059,0.424778501192729
1013061,0.613084137439728
1013064,0.501029193401337
1013071,0.576475004355113
1013076,0.136988746002316
1013084,0.613084137439728
1013090,0.487353692452113
1013091,0.551830559968948
1013092,0.63716647028923
1013101,0.49326679110527
1013102,0.352197209993998
1013103,0.544807841380437
1013109,0.613084137439728
1013117,0.614838629961014
1013122,0.646657526493073
1013124,0.613084137439728
1013126,0.607059240341187
1013127,0.562101423740387
1013132,0.613084137439728
1013134,0.613084137439728
1013138,0.613084137439728
1013140,0.403412749369939
1013144,0.613084137439728
1013145,0.613084137439728
1013158,0.570798218250275
1013162,0.613084137439728
1013168,0.586034417152405
1013174,0.0311922840774059
1013175,0.613084137439728
1013176,0.613084137439728
1013177,0.613084137439728
1013180,0.560639649629593
1013181,0.437973082065582
1013185,0.545596778392792
1013198,0.613084137439728
1013199,0.636644959449768
1013202,0.585336327552795
1013204,0.392094478011131
1013208,0.613084137439728
1013211,0.42865111430486
1013213,0.613084137439728
1013214,0.614250580469767
1013215,0.617374062538147
1013220,0.613467991352081
1013224,0.582329571247101
1013227,0.531649967034658
1013231,0.613084137439728
1013236,0.602266103029251
1013248,0.613084137439728
1013249,0.114105681578318
1013251,0.613084137439728
1013252,0.591970086097717
1013253,0.613084137439728
1013255,0.615101993083954
1013256,0.465829282999039
1013257,0.5592160820961
1013258,0.26725722849369
1013259,0.491362303495407
1013261,0.358393281698227
1013270,0.530204176902771
1013273,0.380493879318237
1013274,0.341363027691841
1013275,0.606572230656942
1013280,0.613084137439728
1013288,0.613358408212662
1013290,0.228194197018941
1013301,0.613084137439728
1013310,0.613084137439728
1013311,0.613106518983841
1013315,0.613084137439728
1013322,0.561065872510274
1013327,0.61438129345576
1013332,0.011608736589551
1013335,0.589694400628408
1013339,0.613084137439728
1013341,0.669583797454834
1013342,0.613131821155548
1013348,0.0755320508033037
1013354,0.571817755699158
1013355,0.667564511299133
1013356,0.565035700798035
1013357,0.613084137439728
1013361,0.593137860298157
1013365,0.613084137439728
1013367,0.550986215472221
1013368,0.613084137439728
1013371,0.613084137439728
1013375,0.6134392619133
1013376,0.613084137439728
1013377,0.613084137439728
1013379,0.613084137439728
1013383,0.613084137439728
1013384,0.635358989238739
1013385,0.613084137439728
1013390,0.61315772930781
1013393,0.454030344883601
1013394,0.559287428855896
1013396,0.381830019255479
1013398,0.613084137439728
1013408,0.627919773260752
1013415,0.613084137439728
1013418,0.573789954185486
1013424,0.663198073705037
1013427,0.16666046405832
1013428,0.463394741217295
1013436,0.613084137439728
1013439,0.572764714558919
1013440,0.613084137439728
1013446,0.61344321568807
1013448,0.548995763063431
1013449,0.613084137439728
1013457,0.049145894125104
1013461,0.613084137439728
1013463,0.0334079936146736
1013464,0.613084137439728
1013471,0.613084137439728
1013473,0.283980429172516
1013475,0.619222700595856
1013478,0.591816186904907
1013481,0.613084137439728
1013483,0.490190173188845
1013486,0.613084137439728
1013487,0.409825260440509
1013491,0.0398216834291816
1013494,0.61367604136467
1013501,0.463248511155446
1013502,0.161267638206482
1013506,0.393012195825577
1013508,0.550902187824249
1013509,0.636482795079549
1013511,0.613084137439728
1013514,0.496822357177734
1013519,0.613084137439728
1013521,0.613084137439728
1013523,0.492453505595525
1013529,0.613084137439728
1013530,0.613110482692719
1013533,0.613554735978444
1013534,0.0321490308269858
1013535,0.594385147094727
1013540,0.586324115594228
1013541,0.375506639480591
1013544,0.613084137439728
1013545,0.563064306974411
1013546,0.613084137439728
1013547,0.326575212180614
1013549,0.141323631629348
1013550,0.533762544393539
1013556,0.613084137439728
1013562,0.613084137439728
1013569,0.103110153228045
1013572,0.613084137439728
1013579,0.614490389823914
1013585,0.613084137439728
1013586,0.614349087079366
1013592,0.613999009132385
1013597,0.212972015142441
1013598,0.550986215472221
1013599,0.613084137439728
1013601,0.497519960006078
1013603,0.614843130111694
1013605,0.613084137439728
1013608,0.61327463388443
1013615,0.613084137439728
1013617,0.227667264640331
1013621,0.613084137439728
1013622,0.378598183393478
1013625,0.331740394234657
1013628,0.431121418873469
1013632,0.606607933839162
1013634,0.537553707758586
1013643,0.613084137439728
1013644,0.324271310120821
1013645,0.613084137439728
1013647,0.488357275724411
1013659,0.60817821820577
1013665,0.613084137439728
1013668,0.57843021551768
1013672,0.564291656017303
1013674,0.607364813486735
1013677,0.613166093826294
1013678,0.418458223342896
1013681,0.602434933185577
1013690,0.579255700111389
1013691,0.613084137439728
1013693,0.662055730819702
1013694,0.613084137439728
1013695,0.613084137439728
1013696,0.482150832811991
1013697,0.564876973628998
1013700,0.211240122715632
1013706,0.321309328079224
1013712,0.630186994870504
1013718,0.550397321581841
1013742,0.547069489955902
1013747,0.613084137439728
1013750,0.613084137439728
1013755,0.194282792508602
1013757,0.613084137439728
1013763,0.396632477641106
1013769,0.411363273859024
1013770,0.613084137439728
1013771,0.613084137439728
1013778,0.613084137439728
1013779,0.0166434063576162
1013780,0.466161727905273
1013787,0.622426211833954
1013793,0.660957892735799
1013798,0.613084137439728
1013802,0.354244778553645
1013803,0.641754806041718
1013805,0.550976097583771
1013808,0.613084137439728
1013818,0.488947182893753
1013826,0.613084137439728
1013827,0.613084137439728
1013829,0.613084137439728
1013832,0.0245111640542746
1013835,0.614858508110046
1013840,0.615695357322693
1013841,0.491362303495407
1013847,0.613084137439728
1013866,0.433921893437703
1013868,0.274493287007014
1013869,0.546817700068156
1013870,0.685407042503357
1013872,0.614010413487752
1013876,0.101022388786077
1013877,0.45371225476265
1013879,0.633477002382278
1013886,0.670099139213562
1013887,0.613084137439728
1013888,0.562301258246104
1013905,0.613084137439728
1013909,0.248934108763933
1013911,0.621351778507233
1013913,0.0788014307618141
1013917,0.292353997627894
1013919,0.613084137439728
1013925,0.628754675388336
1013926,0.613084137439728
1013929,0.592704653739929
1013930,0.614408314228058
1013935,0.231444362550974
1013940,0.417713433504105
1013944,0.613084137439728
1013947,0.33198906481266
1013948,0.613084137439728
1013952,0.236608773469925
1013959,0.613084137439728
1013960,0.516234397888184
1013961,0.289658762514591
1013963,0.376122653484344
1013965,0.594956974188487
1013966,0.489452034235001
1013970,0.613084137439728
1013973,0.481138944625854
1013976,0.61352268854777
1013977,0.613821417093277
1013980,0.196707174181938
1013982,0.613084137439728
1013986,0.384908184409142
1013990,0.0122666462945441
1013991,0.450065394242605
1013997,0.316641628742218
1014004,0.489568084478378
1014005,0.613084137439728
1014018,0.00756360893137753
1014028,0.208837196230888
1014030,0.549877226352692
1014032,0.628554364045461
1014034,0.682369808355967
1014037,0.615254133939743
1014046,0.613084137439728
1014050,0.540227115154266
1014052,0.613084137439728
1014053,0.613084137439728
1014054,0.186403594911098
1014061,0.333268468578656
1014063,0.384197242558002
1014069,0.559681504964828
1014072,0.0407541282474995
1014080,0.00345194526016712
1014083,0.616491675376892
1014088,0.101594746112823
1014091,0.614769965410233
1014100,0.623830596605937
1014104,0.613084137439728
1014108,0.550662025809288
1014114,0.613084137439728
1014117,0.491982847452164
1014119,0.617108851671219
1014120,0.539940819144249
1014123,0.217504367232323
1014124,0.323745861649513
1014125,0.56396081050237
1014126,0.664957404136658
1014132,0.613084137439728
1014133,0.310123011469841
1014137,0.622213204701742
1014139,0.673373659451803
1014143,0.296602219343185
1014144,0.0548430159687996
1014150,0.674700558185577
1014156,0.773787200450897
1014160,0.424565315246582
1014167,0.110521607100964
1014175,0.613084137439728
1014176,0.0305846938863397
1014178,0.690311402082443
1014182,0.613482117652893
1014186,0.613084137439728
1014191,0.289441734552383
1014193,0.541683405637741
1014195,0.613084137439728
1014197,0.452954530715942
1014200,0.614105641841888
1014201,0.524897664785385
1014207,0.613084137439728
1014222,0.406656752030055
1014224,0.19607075303793
1014228,0.613084137439728
1014229,0.613084137439728
1014236,0.613084137439728
1014239,0.653363525867462
1014242,0.315210325022538
1014244,0.613084137439728
1014249,0.489809736609459
1014251,0.447956323623657
1014253,0.613084137439728
1014254,0.559315204620361
1014260,0.617379009723663
1014261,0.62304276227951
1014263,0.613084137439728
1014264,0.463870495557785
1014265,0.613084137439728
1014267,0.605311840772629
1014268,0.613084137439728
1014273,0.613084137439728
1014283,0.0636069625616074
1014284,0.669449210166931
1014286,0.57350214322408
1014287,0.613084137439728
1014291,0.297743290662766
1014296,0.155680865049362
1014302,0.613084137439728
1014308,0.613134801387787
1014310,0.799865543842316
1014312,0.0616901814937592
1014320,0.550490289926529
1014322,0.613084137439728
1014324,0.613084137439728
1014329,0.604637026786804
1014333,0.613084137439728
1014334,0.613084137439728
1014335,0.629885226488113
1014336,0.603170116742452
1014338,0.616656184196472
1014344,0.613084137439728
1014346,0.613084137439728
1014349,0.613084137439728
1014350,0.776161342859268
1014353,0.613084137439728
1014355,0.648948788642883
1014359,0.421480774879456
1014364,0.613635182380676
1014365,0.613084137439728
1014366,0.583073715368907
1014369,0.406593352556229
1014371,0.491362303495407
1014376,0.613084137439728
1014379,0.317305564880371
1014384,0.613084137439728
1014386,0.0398523754750689
1014389,0.613084137439728
1014395,0.613084137439728
1014399,0.476812958717346
1014401,0.613084137439728
1014413,0.613084137439728
1014417,0.0331411932905515
1014418,0.613084137439728
1014426,0.254774610201518
1014431,0.631079733371735
1014435,0.61330105861028
1014436,0.558479756116867
1014438,0.613084137439728
1014440,0.48259411752224
1014443,0.613084137439728
1014453,0.613084137439728
1014454,0.351255923509598
1014458,0.573544164498647
1014459,0.575781643390656
1014462,0.370416954159737
1014467,0.29346938431263
1014468,0.616552710533142
1014470,0.682974775632223
1014471,0.613084137439728
1014474,0.485709543029467
1014477,0.225116521120071
1014481,0.285431350270907
1014488,0.613084137439728
1014495,0.613084137439728
1014503,0.613084137439728
1014505,0.398739218711853
1014515,0.638001004854838
1014521,0.750183165073395
1014524,0.604945639769236
1014526,0.932251155376434
1014529,0.494652688503265
1014530,0.480267226696014
1014532,0.613084137439728
1014535,0.194592162966728
1014540,0.613084137439728
1014541,0.234738320112228
1014548,0.613084137439728
1014563,0.563759744167328
1014567,0.615814447402954
1014571,0.621234794457754
1014575,0.613084137439728
1014594,0.613084137439728
1014597,0.136918619275093
1014600,0.673131227493286
1014602,0.627329885959625
1014608,0.613126665353775
1014609,0.758930146694183
1014611,0.613084137439728
1014618,0.0930276463429133
1014619,0.613084137439728
1014621,0.420496751864751
1014626,0.613084137439728
1014630,0.136443128809333
1014631,0.709906220436096
1014632,0.613084137439728
1014635,0.439826786518097
1014642,0.0318920612335205
1014643,0.61320306857427
1014650,0.14811173453927
1014652,0.613686760266622
1014655,0.326954931020737
1014657,0.643995563189189
1014659,0.613084137439728
1014671,0.613084137439728
1014673,0.709775507450104
1014675,0.617079824209213
1014679,0.568473339080811
1014686,0.0389206893742085
1014689,0.613084137439728
1014693,0.613084137439728
1014695,0.367018858591716
1014696,0.0281706769019365
1014697,0.177488014101982
1014700,0.54392417271932
1014701,0.613084137439728
1014707,0.613084137439728
1014717,0.572033226490021
1014721,0.614665776491165
1014725,0.404753535985947
1014730,0.221420511603355
1014731,0.0147309666499496
1014740,0.38187109430631
1014751,0.49010768532753
1014753,0.221122309565544
1014764,0.616133600473404
1014775,0.616847932338715
1014780,0.591427326202393
1014781,0.616943061351776
1014805,0.613084137439728
1014813,0.613084137439728
1014814,0.208517659455538
1014826,0.310409903526306
1014830,0.550663247704506
1014833,0.613084137439728
1014835,0.61484307050705
1014838,0.613084137439728
1014840,0.613084137439728
1014845,0.53936105966568
1014847,0.479318454861641
1014848,0.613084137439728
1014863,0.513922423124313
1014865,0.624902606010437
1014872,0.262201905250549
1014877,0.613084137439728
1014882,0.575827817122141
1014888,0.549393594264984
1014890,0.613084137439728
1014892,0.613084137439728
1014902,0.613084137439728
1014904,0.318504989147186
1014910,0.613084137439728
1014914,0.670409172773361
1014920,0.0888062976300716
1014923,0.613084137439728
1014928,0.429929867386818
1014931,0.613084137439728
1014935,0.394420430064201
1014943,0.321148902177811
1014944,0.498038038611412
1014945,0.0522506646811962
1014951,0.585319836934408
1014955,0.613084137439728
1014960,0.709930062294006
1014964,0.535821139812469
1014965,0.613084137439728
1014968,0.256746768951416
1014969,0.421591728925705
1014970,0.613084137439728
1014985,0.626819829146067
1014986,0.321148188784719
1014991,0.153734497725964
1014992,0.613084137439728
1014998,0.120780542492867
1015001,0.613084137439728
1015003,0.223673392087221
1015007,0.592441439628601
1015009,0.613084137439728
1015013,0.613084137439728
1015014,0.664236068725586
1015015,0.0465944334864616
1015017,0.70426078637441
1015024,0.474232971668243
1015025,0.421679059664408
1015027,0.546097636222839
1015030,0.122326063613097
1015036,0.613084137439728
1015040,0.613799721002579
1015049,0.103663690388203
1015063,0.614421486854553
1015067,0.613084137439728
1015068,0.531304836273193
1015072,0.613913337389628
1015075,0.614597499370575
1015079,0.637727022171021
1015098,0.602215051651001
1015102,0.613084137439728
1015105,0.308845847845078
1015111,0.278656423091888
1015112,0.553828537464142
1015115,0.465120444695155
1015117,0.613084137439728
1015122,0.494555905461311
1015125,0.613084137439728
1015132,0.613084137439728
1015133,0.399048775434494
1015138,0.613084137439728
1015139,0.613084137439728
1015143,0.616444826126099
1015150,0.458182394504547
1015156,0.613084137439728
1015157,0.421816989779472
1015163,0.613084137439728
1015165,0.594999611377716
1015166,0.599567413330078
1015169,0.21330189704895
1015170,0.613084137439728
1015176,0.609905779361725
1015183,0.174679055809975
1015189,0.613142728805542
1015191,0.402114935219288
1015192,0.614986141522725
1015194,0.613084137439728
1015198,0.164050042629242
1015208,0.613084137439728
1015211,0.529037714004517
1015217,0.062549315392971
1015223,0.613084137439728
1015224,0.713719397783279
1015227,0.613084137439728
1015229,0.0268706167116761
1015234,0.468010793129603
1015235,0.613084137439728
1015245,0.191242188215256
1015249,0.0786146223545074
1015264,0.274095416069031
1015266,0.759010454018911
1015267,0.414158085982005
1015269,0.219663739204407
1015279,0.609727084636688
1015295,0.559426863988241
1015299,0.614478945732117
1015303,0.613084137439728
1015310,0.554653942584991
1015327,0.520084366202354
1015330,0.168492302298546
1015337,0.614091078440348
1015342,0.613084137439728
1015343,0.588807662328084
1015354,0.61415829261144
1015356,0.613084137439728
1015358,0.494527667760849
1015364,0.355128983656565
1015365,0.613084137439728
1015368,0.584395349025726
1015369,0.716040074825287
1015370,0.0707190384467443
1015374,0.613241771856944
1015383,0.623573243618011
1015386,0.613084137439728
1015390,0.033476329408586
1015391,0.704478114843369
1015394,0.613084137439728
1015395,0.61294025182724
1015400,0.613084137439728
1015404,0.613084137439728
1015406,0.0888337604701519
1015413,0.60081668694814
1015424,0.499615103006363
1015433,0.612270355224609
1015436,0.337702085574468
1015438,0.613084137439728
1015441,0.613084137439728
1015444,0.453604241212209
1015445,0.613084137439728
1015448,0.211758037408193
1015449,0.489239603281021
1015452,0.614572167396545
1015454,0.458745668331782
1015459,0.612437069416046
1015465,0.616139352321625
1015466,0.714010775089264
1015467,0.337910324335098
1015471,0.613084137439728
1015490,0.49010768532753
1015494,0.0351945925503969
1015501,0.520407021045685
1015504,0.49326679110527
1015511,0.504999220371246
1015519,0.498397216200829
1015520,0.344802021980286
1015521,0.362736706932386
1015522,0.613084137439728
1015548,0.0173942036926746
1015557,0.613306283950806
1015562,0.100786715745926
1015569,0.724206209182739
1015571,0.0614967085421085
1015588,0.614452838897705
1015591,0.085973747074604
1015595,0.613798856735229
1015596,0.185452659924825
1015601,0.468016843001048
1015603,0.354379832744598
1015610,0.613084137439728
1015612,0.613084137439728
1015614,0.613312582174937
1015624,0.0729316622018814
1015625,0.613084137439728
1015634,0.616729418436686
1015644,0.613084137439728
1015649,0.419510245323181
1015651,0.613084137439728
1015654,0.206987358629704
1015656,0.613084137439728
1015661,0.202063764135043
1015668,0.248070026437441
1015672,0.56875067949295
1015675,0.306144967675209
1015676,0.613084137439728
1015684,0.613084137439728
1015686,0.598789016405741
1015689,0.113750301301479
1015695,0.502385675907135
1015696,0.166107937693596
1015698,0.10598312318325
1015703,0.591861069202423
1015705,0.0824917554855347
1015712,0.613084137439728
1015714,0.613084137439728
1015717,0.613084137439728
1015718,0.61370333035787
1015720,0.613084137439728
1015721,0.593569755554199
1015734,0.613084137439728
1015736,0.613084137439728
1015747,0.614179015159607
1015757,0.467983856797218
1015759,0.457517758011818
1015762,0.273129280656576
1015765,0.613084137439728
1015772,0.418944507837296
1015774,0.298807558914026
1015775,0.613084137439728
1015782,0.613084137439728
1015783,0.720221638679504
1015784,0.671146392822266
1015788,0.686693340539932
1015799,0.697116951147715
1015804,0.613084137439728
1015806,0.613084137439728
1015807,0.439469307661057
1015809,0.394368156790733
1015811,0.678873091936111
1015814,0.613084137439728
1015817,0.613183955351512
1015820,0.613653481006622
1015821,0.649653404951096
1015832,0.613084137439728
1015833,0.613084137439728
1015834,0.461944818496704
1015839,0.594864279031754
1015840,0.613084137439728
1015842,0.613719304402669
1015845,0.410891085863113
1015850,0.148258090019226
1015874,0.537622630596161
1015879,0.613084137439728
1015881,0.574624240398407
1015900,0.613084137439728
1015902,0.613892138004303
1015910,0.613084137439728
1015917,0.613084137439728
1015925,0.593979179859161
1015929,0.627033472061157
1015933,0.614247739315033
1015940,0.1477410197258
1015946,0.613084137439728
1015949,0.598101377487183
1015956,0.613084137439728
1015961,0.61317370335261
1015974,0.019531428348273
1015993,0.568998545408249
1015994,0.652076005935669
1016002,0.586415231227875
1016003,0.649766604105631
1016006,0.614154775937398
1016010,0.614511936903
1016012,0.613084137439728
1016026,0.23272392526269
1016027,0.615089933077494
1016038,0.613084137439728
1016046,0.322214722633362
1016047,0.109982830782731
1016059,0.613359729448954
1016065,0.728190451860428
1016068,0.613084137439728
1016078,0.727845549583435
1016081,0.0847425671915213
1016086,0.613084137439728
1016092,0.504541337490082
1016100,0.613084137439728
1016108,0.613084137439728
1016109,0.32711923122406
1016113,0.668150335550308
1016116,0.613084137439728
1016126,0.613084137439728
1016127,0.134892750531435
1016132,0.726036638021469
1016133,0.613047868013382
1016134,0.711288034915924
1016137,0.614344626665115
1016140,0.175793208181858
1016144,0.613084137439728
1016146,0.390257984399796
1016150,0.613084137439728
1016164,0.124034764866034
1016166,0.654857993125916
1016178,0.554163202643394
1016180,0.617838859558105
1016182,0.613084137439728
1016187,0.321175197760264
1016190,0.613084137439728
1016191,0.613084137439728
1016198,0.613084137439728
1016199,0.613084137439728
1016202,0.662786304950714
1016212,0.776527225971222
1016213,0.613084137439728
1016217,0.613565663496653
1016239,0.613084137439728
1016243,0.400803397099177
1016247,0.190036840736866
1016252,0.456200182437897
1016254,0.615546524524689
1016257,0.121576130390167
1016261,0.613084137439728
1016268,0.613617181777954
1016273,0.613084137439728
1016278,0.613469183444977
1016279,0.613084137439728
1016282,0.613084137439728
1016284,0.613084137439728
1016306,0.616892993450165
1016321,0.0371190261406203
1016326,0.381008058786392
1016328,0.603597402572632
1016332,0.265243552625179
1016343,0.613084137439728
1016347,0.295083552598953
1016351,0.613084137439728
1016352,0.633998453617096
1016361,0.589483261108398
1016363,0.61704358458519
1016364,0.613084137439728
1016365,0.613084137439728
1016371,0.545554101467133
1016374,0.613084137439728
1016375,0.613084137439728
1016379,0.613084137439728
1016381,0.614187796910604
1016387,0.613263189792633
1016389,0.613084137439728
1016397,0.501597732305527
1016403,0.613127022981644
1016404,0.466293200850487
1016409,0.290794104337692
1016414,0.612615406513214
1016415,0.613084137439728
1016429,0.297667155663172
1016430,0.613327175378799
1016433,0.515545050303141
1016434,0.602283775806427
1016442,0.283601675182581
1016445,0.613772213459015
1016448,0.362791910767555
1016450,0.613084137439728
1016455,0.613084137439728
1016462,0.621065407991409
1016463,0.613084137439728
1016465,0.613084137439728
1016466,0.613084137439728
1016467,0.588431040445964
1016468,0.614484369754791
1016469,0.613084137439728
1016472,0.613084137439728
1016483,0.613150179386139
1016485,0.613084137439728
1016498,0.613084137439728
1016500,0.0376058956608176
1016509,0.613084137439728
1016510,0.401913930972417
1016511,0.613084137439728
1016513,0.382466107606888
1016514,0.613084137439728
1016525,0.138921581208706
1016526,0.613084137439728
1016531,0.335946728785833
1016539,0.626620560884476
1016542,0.49797264734904
1016550,0.613084137439728
1016553,0.613084137439728
1016554,0.320184245705605
1016565,0.613084137439728
1016576,0.613084137439728
1016578,0.617741286754608
1016580,0.602427333593369
1016584,0.410204142332077
1016595,0.613365292549133
1016603,0.613084137439728
1016613,0.341977622359991
1016630,0.61713308095932
1016635,0.60118755698204
1016645,0.870576659838359
1016651,0.241884720822175
1016652,0.54581081867218
1016653,0.336024358868599
1016655,0.608385771512985
1016656,0.544402569532394
1016663,0.136558867990971
1016669,0.693487644195557
1016672,0.61467311779658
1016675,0.613084137439728
1016676,0.157221838831902
1016679,0.730443974335988
1016686,0.00498019019141793
1016693,0.442819982767105
1016695,0.613084137439728
1016699,0.613084137439728
1016704,0.643436948458354
1016705,0.65276292959849
1016708,0.22693295776844
1016716,0.588688870271047
1016718,0.613084137439728
1016720,0.613084137439728
1016725,0.613084137439728
1016726,0.613515694936117
1016736,0.616810858249664
1016737,0.613364398479462
1016740,0.613331854343414
1016741,0.613084137439728
1016742,0.611177106698354
1016744,0.613084137439728
1016747,0.6135174036026
1016751,0.888160248597463
1016753,0.613652090231578
1016758,0.344104945659637
1016760,0.153317980468273
1016761,0.516286293665568
1016763,0.613084137439728
1016770,0.619083166122437
1016771,0.650721788406372
1016774,0.613084137439728
1016776,0.613084137439728
1016780,0.566688358783722
1016784,0.613084137439728
1016785,0.259918287396431
1016786,0.613084137439728
1016788,0.346731344858805
1016790,0.48218646645546
1016796,0.577417492866516
1016797,0.948397616545359
1016798,0.613084137439728
1016803,0.613084137439728
1016807,0.146366992965341
1016809,0.160313623646895
1016813,0.613129615783691
1016814,0.614775081475576
1016819,0.613084137439728
1016822,0.613447189331055
1016825,0.613084137439728
1016827,0.60380361477534
1016828,0.613084137439728
1016836,0.573187053203583
1016839,0.635660707950592
1016844,0.6133713722229
1016845,0.512209564447403
1016850,0.409798413515091
1016851,0.613084137439728
1016853,0.613084137439728
1016856,0.61314845085144
1016860,0.582208067178726
1016861,0.327873587608337
1016864,0.613084137439728
1016871,0.283075533807278
1016873,0.613084137439728
1016874,0.413113072514534
1016875,0.613084137439728
1016880,0.0516956299543381
1016881,0.238824743777514
1016885,0.553131659825643
1016887,0.615916272004445
1016891,0.613084137439728
1016892,0.523276487986247
1016895,0.613662928342819
1016896,0.0560347810387611
1016903,0.810507516066233
1016906,0.613084137439728
1016915,0.613084137439728
1016924,0.613084137439728
1016931,0.613404870033264
1016936,0.446349769830704
1016937,0.613084137439728
1016939,0.25548588236173
1016946,0.616842091083527
1016947,0.613084137439728
1016950,0.102413579821587
1016952,0.107423525303602
1016958,0.469612181186676
1016967,0.613084137439728
1016972,0.613084137439728
1016973,0.488934735457102
1016977,0.651836037635803
1016979,0.613084137439728
1016984,0.263568483293056
1016986,0.613084137439728
1016989,0.613267441590627
1016991,0.620489378770193
1016994,0.818108558654785
1017004,0.56060653924942
1017011,0.473501339554787
1017014,0.613618761301041
1017016,0.099816732108593
1017024,0.626795172691345
1017027,0.613084137439728
1017028,0.564401229222616
1017029,0.613084137439728
1017033,0.588863015174866
1017034,0.613084137439728
1017035,0.0923047661781311
1017042,0.613084137439728
1017046,0.613857984542847
1017051,0.163405518978834
1017052,0.607028444608053
1017058,0.614381790161133
1017059,0.152933195233345
1017060,0.613084137439728
1017061,0.0521933753043413
1017062,0.602405309677124
1017067,0.613084137439728
1017071,0.612621128559113
1017073,0.649098873138428
1017075,0.613084137439728
1017077,0.613084137439728
1017080,0.613567133744558
1017081,0.60794597864151
1017084,0.709900617599487
1017087,0.613084137439728
1017088,0.455329020818075
1017090,0.619699756304423
1017091,0.613084137439728
1017093,0.625689526398977
1017095,0.606305360794067
1017096,0.13371242210269
1017099,0.61552882194519
1017103,0.613145629564921
1017104,0.613084137439728
1017105,0.613084137439728
1017108,0.629895091056824
1017111,0.613084137439728
1017112,0.482264444231987
1017115,0.613084137439728
1017119,0.613084137439728
1017120,0.591636141141256
1017123,0.617279559373856
1017124,0.592254966497421
1017126,0.614834725856781
1017131,0.0418050708249211
1017140,0.332157045602798
1017142,0.613084137439728
1017143,0.700509011745453
1017144,0.633253872394562
1017153,0.614768505096436
1017154,0.571667373180389
1017159,0.613084137439728
1017162,0.149313852190971
1017163,0.613084137439728
1017165,0.5932803551356
1017167,0.613084137439728
1017171,0.525889178117116
1017177,0.613084137439728
1017178,0.613084137439728
1017184,0.619672258694967
1017185,0.459734777609507
1017186,0.613084137439728
1017189,0.613084137439728
1017190,0.4677820901076
1017192,0.613084137439728
1017196,0.613084137439728
1017199,0.46294833223025
1017200,0.535414576530457
1017203,0.0187400858849287
1017207,0.0599366687238216
1017212,0.613084137439728
1017213,0.366080835461617
1017214,0.0524568445980549
1017216,0.504371414581935
1017218,0.584920207659403
1017221,0.613084137439728
1017223,0.613742967446645
1017224,0.613084137439728
1017225,0.470223128795624
1017229,0.613084137439728
1017233,0.613084137439728
1017235,0.673545718193054
1017236,0.589356333017349
1017238,0.435526897509893
1017239,0.613084137439728
1017243,0.774141877889633
1017244,0.613084137439728
1017249,0.106115475296974
1017251,0.613084137439728
1017252,0.613084137439728
1017256,0.613084137439728
1017258,0.615100800991058
1017260,0.613084137439728
1017264,0.613084137439728
1017266,0.609698971112569
1017274,0.613084137439728
1017278,0.613084137439728
1017280,0.613084137439728
1017282,0.0457642497494817
1017284,0.220055123170217
1017296,0.334992915391922
1017301,0.613084137439728
1017302,0.614639788866043
1017307,0.613084137439728
1017308,0.609922925631205
1017310,0.613084137439728
1017311,0.0733146760612726
1017312,0.613084137439728
1017313,0.241577548285325
1017314,0.545644621054331
1017316,0.613084137439728
1017317,0.407649556795756
1017320,0.613084137439728
1017323,0.614768703778585
1017325,0.568436920642853
1017328,0.647549589474996
1017329,0.613084137439728
1017331,0.613084137439728
1017333,0.194377664476633
1017335,0.288651347160339
1017341,0.613084137439728
1017344,0.613084137439728
1017345,0.0952218566089869
1017346,0.613084137439728
1017347,0.613084137439728
1017350,0.21912903090318
1017351,0.613084137439728
1017354,0.613222062587738
1017355,0.553662906090418
1017356,0.613084137439728
1017357,0.549684643745422
1017359,0.615979790687561
1017360,0.576964676380157
1017362,0.616150538126628
1017365,0.61957186460495
1017369,0.549556612968445
1017371,0.613084137439728
1017375,0.427361369132996
1017376,0.364969670772552
1017378,0.635596175988515
1017383,0.545836806297302
1017385,0.595969438552856
1017386,0.613084137439728
1017389,0.438788414001465
1017390,0.61645895242691
1017392,0.554924964904785
1017393,0.102719902992249
1017396,0.613084137439728
1017400,0.613084137439728
1017403,0.45924311876297
1017405,0.417615016301473
1017409,0.614717324574788
1017412,0.219741786519686
1017419,0.613084137439728
1017421,0.613084137439728
1017424,0.613084137439728
1017427,0.613084137439728
1017428,0.613084137439728
1017430,0.613084137439728
1017434,0.498789042234421
1017437,0.544587105512619
1017442,0.69322407245636
1017443,0.604331970214844
1017445,0.615303516387939
1017446,0.613084137439728
1017447,0.613084137439728
1017450,0.444876775145531
1017457,0.613409876823425
1017459,0.613084137439728
1017465,0.0687269425640504
1017468,0.613084137439728
1017472,0.194095894694328
1017481,0.619981408119202
1017482,0.611861288547516
1017483,0.613084137439728
1017488,0.613084137439728
1017489,0.613084137439728
1017491,0.613084137439728
1017497,0.384862273931503
1017498,0.613084137439728
1017499,0.613084137439728
1017500,0.616497606039047
1017504,0.613084137439728
1017513,0.615912973880768
1017516,0.287239015102386
1017519,0.613084137439728
1017524,0.613929271697998
1017526,0.613084137439728
1017528,0.615171988805135
1017530,0.615780591964722
1017532,0.601120968659719
1017537,0.613084137439728
1017542,0.18512823805213
1017544,0.358970026175181
1017547,0.61108918984731
1017551,0.613084137439728
1017553,0.677164415518443
1017555,0.594194531440735
1017558,0.613870759805044
1017559,0.368323485056559
1017561,0.613084137439728
1017563,0.313686564564705
1017567,0.613084137439728
1017571,0.377935618162155
1017575,0.440744916598002
1017587,0.870209912459056
1017595,0.595347583293915
1017599,0.613084137439728
1017600,0.509588976701101
1017601,0.106844703356425
1017603,0.513630539178848
1017605,0.44779497385025
1017611,0.613084137439728
1017612,0.56893797715505
1017615,0.111648894846439
1017616,0.606432557106018
1017620,0.613084137439728
1017622,0.550695240497589
1017623,0.299032380183538
1017626,0.320290476083755
1017627,0.613084137439728
1017628,0.613084137439728
1017632,0.618527293205261
1017639,0.613150179386139
1017642,0.620405107736588
1017645,0.613084137439728
1017647,0.48452631632487
1017649,0.53628138701121
1017650,0.613084137439728
1017655,0.770664989948273
1017657,0.455587486426036
1017658,0.614362478256226
1017663,0.613084137439728
1017666,0.536086410284042
1017667,0.613084137439728
1017668,0.597619116306305
1017673,0.613084137439728
1017675,0.585244297981262
1017677,0.627104640007019
1017678,0.447917148470879
1017680,0.60317991177241
1017681,0.0647757314145565
1017684,0.613084137439728
1017686,0.613084137439728
1017689,0.572832584381104
1017692,0.615889966487885
1017695,0.613084137439728
1017696,0.613112688064575
1017703,0.0217104470357299
1017706,0.380518019199371
1017708,0.600199262301127
1017709,0.613084137439728
1017712,0.613084137439728
1017718,0.715925455093384
1017720,0.613084137439728
1017721,0.613084137439728
1017722,0.132811537012458
1017730,0.665246983369192
1017732,0.0425796881318092
1017736,0.613084137439728
1017740,0.509028871854146
1017744,0.613084137439728
1017747,0.613084137439728
1017750,0.613084137439728
1017755,0.259109675884247
1017758,0.461293270190557
1017760,0.118166659027338
1017762,0.613084137439728
1017766,0.613084137439728
1017767,0.613084137439728
1017769,0.61398646235466
1017771,0.613234221935272
1017773,0.0928881801664829
1017776,0.613084137439728
1017778,0.0931099429726601
1017783,0.613084137439728
1017785,0.31460698445638
1017790,0.613084137439728
1017794,0.614950219790141
1017797,0.613084137439728
1017802,0.607435554265976
1017806,0.0950302258133888
1017808,0.553202956914902
1017814,0.613084137439728
1017815,0.613084137439728
1017818,0.652683198451996
1017819,0.604654282331467
1017821,0.667911499738693
1017822,0.613178670406342
1017824,0.139051934083303
1017829,0.100725501775742
1017832,0.493563860654831
1017833,0.613084137439728
1017834,0.333527694145838
1017835,0.613084137439728
1017836,0.286620259284973
1017837,0.518187423547109
1017838,0.103681327154239
1017839,0.641192048788071
1017842,0.613084137439728
1017843,0.782271414995193
1017845,0.613084137439728
1017846,0.274783581495285
1017847,0.583795815706253
1017852,0.613084137439728
1017853,0.613084137439728
1017854,0.397415200869242
1017859,0.118507814904054
1017861,0.613084137439728
1017862,0.157953017701705
1017864,0.501975432038307
1017866,0.136377982795238
1017867,0.613438447316488
1017869,0.613084137439728
1017874,0.613084137439728
1017877,0.599154531955719
1017878,0.31831057369709
1017879,0.613358040650686
1017886,0.613084137439728
1017894,0.60448345541954
1017895,0.613741427659988
1017900,0.603207409381866
1017901,0.623893797397614
1017904,0.627246558666229
1017906,0.614654242992401
1017908,0.613084137439728
1017911,0.313989659150441
1017913,0.606865803400675
1017915,0.625346064567566
1017922,0.55543851852417
1017926,0.613084137439728
1017927,0.613084137439728
1017929,0.613084137439728
1017933,0.613084137439728
1017935,0.613084137439728
1017936,0.651685029268265
1017942,0.613084137439728
1017943,0.604682564735413
1017944,0.613084137439728
1017945,0.503725051879883
1017949,0.585549533367157
1017950,0.613084137439728
1017954,0.831789612770081
1017955,0.433493534723918
1017959,0.583807488282522
1017960,0.496920466423035
1017965,0.613084137439728
1017966,0.613576829433441
1017970,0.613480031490326
1017974,0.587002158164978
1017999,0.449493060509364
1018002,0.303465455770493
1018004,0.550260772307714
1018008,0.542012244462967
1018010,0.372549990812937
1018011,0.256717503070831
1018013,0.891348004341125
1018016,0.613084137439728
1018018,0.60684671998024
1018023,0.506994922955831
1018028,0.613333225250244
1018039,0.616825819015503
1018040,0.518256932497025
1018043,0.500728736321131
1018050,0.585139095783234
1018058,0.433580845594406
1018060,0.616332590579987
1018061,0.0351155996322632
1018066,0.613084137439728
1018067,0.373751416802406
1018073,0.252059727907181
1018075,0.52788171172142
1018078,0.613084137439728
1018080,0.492081493139267
1018094,0.613084137439728
1018095,0.609054267406464
1018102,0.502332091331482
1018103,0.618866960207621
1018104,0.61401230096817
1018108,0.28808685640494
1018109,0.666684905687968
1018117,0.319165656963984
1018120,0.550986215472221
1018121,0.16614730656147
1018122,0.443884382645289
1018133,0.37040979663531
1018134,0.613084137439728
1018138,0.132337186485529
1018146,0.584779103597005
1018147,0.610407620668411
1018148,0.613084137439728
1018153,0.614493548870087
1018154,0.613084137439728
1018155,0.439957718054454
1018156,0.613320052623749
1018160,0.360159605741501
1018161,0.591883937517802
1018162,0.613084137439728
1018164,0.68512765566508
1018167,0.595838725566864
1018169,0.613084137439728
1018172,0.250075958669186
1018173,0.614592611789703
1018174,0.613084137439728
1018175,0.613084137439728
1018183,0.0595734330515067
1018184,0.199577495455742
1018187,0.618863552808762
1018188,0.613585789998372
1018197,0.513073772192001
1018199,0.613084137439728
1018201,0.613084137439728
1018205,0.6138975918293
1018208,0.613084137439728
1018209,0.545386791229248
1018211,0.613147675991058
1018215,0.613084137439728
1018221,0.381971448659897
1018223,0.593716740608215
1018224,0.613084137439728
1018226,0.60156437754631
1018228,0.643316864967346
1018229,0.613084137439728
1018231,0.446986635526021
1018233,0.613084137439728
1018240,0.742669343948364
1018241,0.613084137439728
1018242,0.222454443573952
1018245,0.661608397960663
1018248,0.613084137439728
1018250,0.613084137439728
1018251,0.618460863828659
1018256,0.601860702037811
1018260,0.613084137439728
1018261,0.613084137439728
1018266,0.496993352969487
1018268,0.613084137439728
1018276,0.465056518713633
1018278,0.613338470458984
1018279,0.508241355419159
1018281,0.613084137439728
1018283,0.613084137439728
1018284,0.613084137439728
1018285,0.613084137439728
1018286,0.613084137439728
1018287,0.613084137439728
1018289,0.395584791898727
1018290,0.623068034648895
1018294,0.614219148953756
1018295,0.658084362745285
1018296,0.613084137439728
1018303,0.613084137439728
1018306,0.512589345375697
1018308,0.269660957157612
1018316,0.216054320335388
1018317,0.616154074668884
1018326,0.20312487334013
1018329,0.0713049080222845
1018331,0.349139402310054
1018332,0.502611140410105
1018333,0.555882712205251
1018335,0.613084137439728
1018339,0.61352002620697
1018340,0.358826547861099
1018345,0.615630209445953
1018346,0.565694510936737
1018347,0.613084137439728
1018348,0.613084137439728
1018351,0.110001529256503
1018352,0.575100600719452
1018354,0.418868233760198
1018355,0.471464365720749
1018356,0.613084137439728
1018358,0.401715934276581
1018359,0.615513741970062
1018361,0.547251979509989
1018364,0.614093442757924
1018366,0.636500279108683
1018367,0.53116163611412
1018369,0.613168299198151
1018373,0.444307759404182
1018375,0.613084137439728
1018376,0.631406784057617
1018380,0.613084137439728
1018381,0.215382153789202
1018394,0.613084137439728
1018399,0.318253763020039
1018401,0.613084137439728
1018402,0.571494430303574
1018406,0.176270266373952
1018409,0.81443864107132
1018416,0.613084137439728
1018423,0.61523312330246
1018425,0.633553683757782
1018435,0.472121387720108
1018436,0.613084137439728
1018440,0.614133834838867
1018446,0.621265888214111
1018448,0.613084137439728
1018451,0.613821387290955
1018459,0.613818049430847
1018464,0.587212979793549
1018466,0.613084137439728
1018472,0.461340616146723
1018478,0.613084137439728
1018479,0.551595911383629
1018480,0.928385972976685
1018481,0.754342337449392
1018488,0.324887335300446
1018489,0.613084137439728
1018505,0.613084137439728
1018511,0.613084137439728
1018513,0.613084137439728
1018515,0.616063952445984
1018516,0.473544547955195
1018517,0.613084137439728
1018520,0.0244490566353003
1018521,0.613192737102509
1018524,0.613084137439728
1018525,0.596100568771362
1018526,0.613084137439728
1018531,0.591051836808523
1018533,0.556031882762909
1018537,0.327161520719528
1018538,0.237262343366941
1018542,0.613084137439728
1018543,0.613084137439728
1018546,0.211489289999008
1018551,0.613084137439728
1018552,0.613084137439728
1018558,0.490746796131134
1018561,0.162193059921265
1018563,0.710248291492462
1018569,0.337813178698222
1018578,0.651002705097198
1018579,0.613084137439728
1018580,0.53905392686526
1018583,0.106213174760342
1018584,0.363172918558121
1018588,0.620917896429698
1018597,0.55199604233106
1018599,0.613084137439728
1018602,0.450082182884216
1018606,0.517603993415833
1018610,0.446805367867152
1018612,0.465491354465485
1018615,0.613084137439728
1018616,0.613084137439728
1018619,0.178482115268707
1018621,0.629740417003632
1018632,0.613084137439728
1018638,0.0441233844806751
1018639,0.0647586584091187
1018644,0.613084137439728
1018645,0.675960123538971
1018650,0.614298284053802
1018657,0.613084137439728
1018659,0.613084137439728
1018661,0.655187507470449
1018665,0.656143695116043
1018668,0.482795765002569
1018670,0.613084137439728
1018672,0.677188018957774
1018681,0.343693464994431
1018682,0.613144814968109
1018684,0.613084137439728
1018687,0.093059537311395
1018690,0.378724495569865
1018694,0.295437723398209
1018695,0.613084137439728
1018696,0.616100152333578
1018702,0.362942010164261
1018703,0.613084137439728
1018711,0.482450256745021
1018713,0.613084137439728
1018714,0.613084137439728
1018722,0.301246210932732
1018723,0.390589048465093
1018726,0.613084137439728
1018729,0.287395646174749
1018734,0.556902368863424
1018735,0.43432671825091
1018736,0.444271415472031
1018737,0.615868131319682
1018738,0.492546439170837
1018743,0.0390259437263012
1018744,0.608154813448588
1018747,0.307499294479688
1018752,0.535357574621836
1018753,0.575003127257029
1018755,0.589474817117055
1018767,0.613084137439728
1018768,0.19363788018624
1018769,0.613084137439728
1018773,0.613084137439728
1018774,0.137320903440317
1018776,0.407782703638077
1018783,0.613424221674601
1018785,0.613084137439728
1018786,0.530718296766281
1018787,0.614416778087616
1018790,0.638924856980642
1018793,0.300414641698201
1018796,0.558712780475616
1018797,0.249703640739123
1018803,0.532638837893804
1018814,0.60929661989212
1018820,0.0168075612746179
1018836,0.517622828483582
1018838,0.927828292051951
1018841,0.613084137439728
1018843,0.613200038671494
1018847,0.617956002553304
1018851,0.613084137439728
1018854,0.546157240867615
1018857,0.613084137439728
1018859,0.608533143997192
1018863,0.551100353399912
1018869,0.495624274015427
1018871,0.613084137439728
1018872,0.571440835793813
1018873,0.174386873841286
1018875,0.613084137439728
1018881,0.613084137439728
1018890,0.613181531429291
1018891,0.613702853520711
1018893,0.613872289657593
1018900,0.613084137439728
1018901,0.509330272674561
1018908,0.613535135984421
1018913,0.613084137439728
1018916,0.304509510596593
1018919,0.194995895028114
1018920,0.484509691596031
1018923,0.613084137439728
1018925,0.579178015391032
1018928,0.613084137439728
1018929,0.613084137439728
1018930,0.614437401294708
1018942,0.615885138511658
1018946,0.492710719505946
1018947,0.613084137439728
1018950,0.11674665287137
1018953,0.613084137439728
1018954,0.613084137439728
1018955,0.613514631986618
1018959,0.613084137439728
1018963,0.0622947458177805
1018970,0.639746963977814
1018995,0.613084137439728
1018997,0.613084137439728
1019001,0.590892453988393
1019002,0.147661685943604
1019004,0.575206756591797
1019022,0.301642388105392
1019023,0.613084137439728
1019027,0.294378240903219
1019028,0.636671602725983
1019032,0.613575239976247
1019035,0.517342279354731
1019037,0.63747575879097
1019040,0.613120456536611
1019045,0.569391638040543
1019046,0.241424039006233
1019047,0.381932526826859
1019051,0.613084137439728
1019054,0.613084137439728
1019061,0.117929741740227
1019068,0.613121628761292
1019069,0.0660682112599413
1019076,0.59816238284111
1019077,0.613084137439728
1019082,0.561658203601837
1019084,0.342796713113785
1019089,0.613084137439728
1019097,0.528451601664225
1019098,0.536798566579819
1019108,0.0177482981234789
1019109,0.604207456111908
1019111,0.520304784178734
1019117,0.619324624538422
1019118,0.613084137439728
1019119,0.51315983136495
1019120,0.613172113895416
1019140,0.344621936480204
1019143,0.464469656348228
1019145,0.613084137439728
1019146,0.613084137439728
1019152,0.581699997186661
1019156,0.19962552189827
1019158,0.613158464431763
1019159,0.602373749017715
1019162,0.613084137439728
1019163,0.613159596920013
1019164,0.613084137439728
1019173,0.613084137439728
1019179,0.613973478476206
1019182,0.614925722281138
1019196,0.643189042806625
1019199,0.220214826365312
1019201,0.613418608903885
1019202,0.613084137439728
1019203,0.412062813838323
1019204,0.279153063893318
1019205,0.613741119702657
1019206,0.613084137439728
1019209,0.613084137439728
1019212,0.613084137439728
1019225,0.613084137439728
1019227,0.575941165288289
1019233,0.614528516928355
1019239,0.61490527788798
1019241,0.565604746341705
1019246,0.598393102486928
1019248,0.559621622165044
1019249,0.227663226425648
1019250,0.526773035526276
1019255,0.613084137439728
1019257,0.614683330059052
1019262,0.567656695842743
1019278,0.613084137439728
1019284,0.613084137439728
1019285,0.613084137439728
1019287,0.613084137439728
1019293,0.510622402032216
1019299,0.613906919956207
1019300,0.337933257222176
1019309,0.614467680454254
1019311,0.159309148788452
1019314,0.658108770847321
1019316,0.613084137439728
1019324,0.742300033569336
1019325,0.511592209339142
1019328,0.0528366416692734
1019335,0.156822174787521
1019337,0.613084137439728
1019342,0.584779351949692
1019350,0.679335236549377
1019354,0.256103307008743
1019355,0.817458271980286
1019356,0.613116830587387
1019358,0.613084137439728
1019368,0.566725015640259
1019372,0.613084137439728
1019373,0.588981598615646
1019388,0.620421508948008
1019397,0.613674610853195
1019404,0.613681515057882
1019405,0.613084137439728
1019407,0.613084137439728
1019409,0.5594429175059
1019419,0.614012102286021
1019420,0.613084137439728
1019425,0.613084137439728
1019427,0.613236169020335
1019428,0.613084137439728
1019434,0.613084137439728
1019435,0.613813718159994
1019438,0.619153320789337
1019440,0.612010061740875
1019445,0.133546128869057
1019449,0.585835715134939
1019455,0.657881716887156
1019460,0.183651655912399
1019461,0.613084137439728
1019463,0.613084137439728
1019480,0.175058484077454
1019483,0.656750202178955
1019484,0.426569908857346
1019485,0.613084137439728
1019487,0.613084137439728
1019488,0.119610314567884
1019489,0.613169640302658
1019490,0.613084137439728
1019496,0.120544632896781
1019497,0.226659185485914
1019498,0.613084137439728
1019505,0.614992558956146
1019506,0.54279163479805
1019517,0.435141772031784
1019518,0.613791306813558
1019522,0.571777631839116
1019524,0.710435092449188
1019525,0.298804134130478
1019527,0.0127257397398353
1019528,0.682868123054504
1019536,0.613084137439728
1019544,0.609266042709351
1019545,0.656834820906321
1019549,0.797746340433756
1019552,0.463880240917206
1019558,0.617175539334615
1019560,0.613084137439728
1019580,0.614953815937042
1019584,0.613084137439728
1019589,0.617608666419983
1019595,0.615620195865631
1019596,0.613084137439728
1019604,0.614130218823751
1019605,0.637530207633972
1019606,0.00862949915851156
1019607,0.253052085638046
1019610,0.613084137439728
1019612,0.613084137439728
1019616,0.613084137439728
1019633,0.614552179972331
1019639,0.230946153402328
1019640,0.613084137439728
1019641,0.613084137439728
1019642,0.616052091121674
1019644,0.101880048712095
1019645,0.520967543125153
1019648,0.784975826740265
1019649,0.613084137439728
1019653,0.613084137439728
1019655,0.648315270741781
1019675,0.613084137439728
1019677,0.613084137439728
1019688,0.614135503768921
1019694,0.613133390744527
1019696,0.378907725214958
1019704,0.614816844463348
1019705,0.613710323969523
1019708,0.284539565443993
1019713,0.17239148914814
1019714,0.588095863660177
1019715,0.613084137439728
1019718,0.346429824829102
1019720,0.614482124646505
1019724,0.615529537200928
1019731,0.613084137439728
1019738,0.615851759910583
1019739,0.613084137439728
1019742,0.613084137439728
1019752,0.613084137439728
1019753,0.616727948188782
1019754,0.473319441080093
1019756,0.636332750320435
1019758,0.43614037334919
1019762,0.613115549087524
1019764,0.658149321873983
1019769,0.6745345890522
1019773,0.613084137439728
1019774,0.613084137439728
1019779,0.613084137439728
1019783,0.613084137439728
1019787,0.210960328578949
1019791,0.613084137439728
1019794,0.613525450229645
1019797,0.406726737817128
1019801,0.487418785691261
1019805,0.613084137439728
1019806,0.57404500246048
1019807,0.613908807436625
1019809,0.613271713256836
1019817,0.0943964347243309
1019818,0.495547831058502
1019824,0.613084137439728
1019827,0.601706027984619
1019839,0.613084137439728
1019846,0.613084137439728
1019851,0.613084137439728
1019856,0.622382899125417
1019862,0.313593422373136
1019863,0.613084137439728
1019864,0.61426967382431
1019870,0.613084137439728
1019871,0.0866475403308868
1019874,0.613084137439728
1019878,0.613084137439728
1019880,0.613084137439728
1019884,0.613084137439728
1019890,0.616371691226959
1019895,0.613084137439728
1019900,0.613821238279343
1019903,0.613084137439728
1019907,0.256969541311264
1019908,0.616214781999588
1019920,0.61506313085556
1019934,0.613084137439728
1019935,0.613084137439728
1019937,0.613084137439728
1019939,0.613122940063477
1019941,0.613084137439728
1019944,0.613084137439728
1019952,0.613084137439728
1019953,0.613084137439728
1019954,0.697993785142899
1019960,0.613084137439728
1019961,0.613257527351379
1019962,0.613084137439728
1019964,0.613084137439728
1019970,0.639464378356934
1019973,0.331640467047691
1019977,0.615636736154556
1019978,0.811231374740601
1019985,0.613291263580322
1020001,0.620021283626556
1020008,0.629112084706624
1020009,0.624398052692413
1020011,0.616594851016998
1020018,0.613084137439728
1020034,0.110479399561882
1020037,0.613084137439728
1020043,0.155983570963144
1020047,0.364495564252138
1020048,0.110127277672291
1020051,0.613084137439728
1020053,0.613084137439728
1020061,0.255511790513992
1020064,0.791357040405273
1020070,0.621359288692474
1020073,0.727876464525859
1020076,0.613084137439728
1020077,0.616335411866506
1020082,0.39594071606795
1020089,0.169625935455163
1020097,0.613084137439728
1020106,0.613084137439728
1020107,0.613084137439728
1020119,0.635691662629445
1020135,0.819383025169373
1020136,0.106233035524686
1020140,0.256993293762207
1020144,0.609351634979248
1020145,0.613312780857086
1020150,0.613084137439728
1020157,0.318895493944486
1020175,0.613084137439728
1020179,0.613084137439728
1020187,0.5873943567276
1020193,0.615613490343094
1020211,0.613084137439728
1020215,0.613084137439728
1020218,0.342664857705434
1020226,0.613084137439728
1020228,0.440237313508987
1020229,0.614013671875
1020230,0.613084137439728
1020233,0.656298379103343
1020240,0.613828818003337
1020244,0.513804689049721
1020257,0.613084137439728
1020258,0.61925341685613
1020259,0.580995321273804
1020260,0.613084137439728
1020261,0.360599905252457
1020272,0.159906148910522
1020278,0.771020114421844
1020281,0.613084137439728
1020284,0.598782996336619
1020286,0.642076273759206
1020287,0.551535785198212
1020296,0.615455240011215
1020301,0.382157921791077
1020302,0.613084137439728
1020308,0.613084137439728
1020312,0.339955389499664
1020313,0.614107886950175
1020315,0.633693933486938
1020316,0.615605413913727
1020321,0.613084137439728
1020322,0.60878649353981
1020337,0.613605817159017
1020342,0.613295714060465
1020343,0.296070232987404
1020349,0.508799115816752
1020355,0.613084137439728
1020356,0.613084137439728
1020357,0.613084137439728
1020358,0.46675606071949
1020367,0.592460711797078
1020369,0.614116350809733
1020377,0.672600030899048
1020379,0.621942460536957
1020381,0.432598595817884
1020387,0.607115566730499
1020389,0.368143369754155
1020396,0.613084137439728
1020405,0.240129992365837
1020407,0.568322122097015
1020413,0.613566964864731
1020415,0.613084137439728
1020417,0.613084137439728
1020418,0.470562249422073
1020423,0.679325193166733
1020434,0.614362806081772
1020438,0.492060234149297
1020440,0.613184720277786
1020444,0.61528883377711
1020448,0.613084137439728
1020450,0.00177199544850737
1020455,0.61548791329066
1020457,0.613084137439728
1020459,0.462509393692017
1020461,0.613084137439728
1020462,0.613084137439728
1020473,0.0149946014086405
1020478,0.613084137439728
1020480,0.621454914410909
1020484,0.613084137439728
1020497,0.254746605952581
1020510,0.710482776165009
1020524,0.637710134188334
1020527,0.550960794091225
1020530,0.613084137439728
1020532,0.620687633752823
1020535,0.508979856967926
1020537,0.613084137439728
1020539,0.613084137439728
1020548,0.620191931724548
1020549,0.615521848201752
1020550,0.613084137439728
1020552,0.613348811864853
1020553,0.407388091087341
1020555,0.611369609832764
1020561,0.616447269916534
1020571,0.613084137439728
1020573,0.169426873326302
1020575,0.45042031009992
1020582,0.613084137439728
1020583,0.617846429347992
1020586,0.613084137439728
1020587,0.160391535609961
1020591,0.380796402692795
1020592,0.152148604393005
1020598,0.516405165195465
1020605,0.614539533853531
1020610,0.542932271957397
1020625,0.613084137439728
1020630,0.614132523536682
1020635,0.153946618239085
1020638,0.204735994338989
1020641,0.613084137439728
1020644,0.61533910036087
1020653,0.222897127270699
1020658,0.628643850485484
1020659,0.613084137439728
1020662,0.613584359486898
1020665,0.61503791809082
1020666,0.614073276519775
1020667,0.579532027244568
1020674,0.613084137439728
1020679,0.729614913463593
1020680,0.329026619593302
1020701,0.725967049598694
1020709,0.203153520822525
1020711,0.432811766862869
1020712,0.613084137439728
1020714,0.613084137439728
1020723,0.613084137439728
1020725,0.613084137439728
1020739,0.347912423312664
1020743,0.770582914352417
1020747,0.613084137439728
1020752,0.0150093194097281
1020755,0.613084137439728
1020760,0.199147626757622
1020761,0.613084137439728
1020762,0.613084137439728
1020766,0.613084137439728
1020767,0.614528000354767
1020772,0.18049731105566
1020780,0.354717969894409
1020784,0.641049683094025
1020787,0.613084137439728
1020796,0.461059172948201
1020798,0.747684895992279
1020801,0.61486080288887
1020802,0.615847051143646
1020810,0.614952206611633
1020812,0.615701198577881
1020813,0.186300943295161
1020815,0.190725363790989
1020841,0.611284712950389
1020843,0.682283222675323
1020849,0.613084137439728
1020856,0.446823433041573
1020859,0.614399075508118
1020861,0.613084137439728
1020863,0.613084137439728
1020876,0.512150704860687
1020881,0.613084137439728
1020888,0.0857199840247631
1020904,0.613084137439728
1020919,0.616902470588684
1020922,0.574673016866048
1020923,0.701246619224548
1020935,0.615185797214508
1020948,0.7333691517512
1020950,0.614036381244659
1020953,0.622624754905701
1020960,0.613084137439728
1020966,0.217639118432999
1020968,0.46787978708744
1020971,0.559506893157959
1020973,0.296709343791008
1020976,0.643345832824707
1020982,0.607504427433014
1021000,0.461105287075043
1021002,0.457487061619759
1021009,0.613084137439728
1021016,0.613084137439728
1021027,0.614759027957916
1021034,0.613084137439728
1021035,0.613084137439728
1021038,0.124199256300926
1021040,0.606803774833679
1021043,0.615174859762192
1021045,0.0692515671253204
1021054,0.613084137439728
1021057,0.613229960203171
1021070,0.613084137439728
1021071,0.61551974217097
1021080,0.587404310703278
1021083,0.613084137439728
1021095,0.404579371213913
1021104,0.613397359848022
1021108,0.613584776719411
1021110,0.613084137439728
1021115,0.6145920753479
1021117,0.613084137439728
1021119,0.457561502854029
1021128,0.613084137439728
1021130,0.146805822849274
1021136,0.613107025623322
1021144,0.62513142824173
1021151,0.613084137439728
1021152,0.282019972801208
1021160,0.541505396366119
1021161,0.43340303003788
1021163,0.49165353178978
1021167,0.612228294213613
1021168,0.616034666697184
1021171,0.615789771080017
1021174,0.613084137439728
1021177,0.613084137439728
1021181,0.613550901412964
1021182,0.613084137439728
1021186,0.382347583770752
1021192,0.613084137439728
1021197,0.613084137439728
1021199,0.613084137439728
1021200,0.613084137439728
1021205,0.506711850563685
1021207,0.613084137439728
1021209,0.663983881473541
1021223,0.581972440083822
1021224,0.653436362743378
1021228,0.613084137439728
1021230,0.431517764925957
1021232,0.61625412106514
1021236,0.0801541345814864
1021238,0.535019904375076
1021239,0.613286465406418
1021242,0.613084137439728
1021249,0.613084137439728
1021265,0.613084137439728
1021268,0.61375230550766
1021269,0.613084137439728
1021277,0.613084137439728
1021278,0.376853873332341
1021281,0.613084137439728
1021289,0.613084137439728
1021293,0.613084137439728
1021300,0.613084137439728
1021314,0.613084137439728
1021321,0.702524542808533
1021326,0.613084137439728
1021328,0.613084137439728
1021341,0.413074851036072
1021345,0.581397513548533
1021346,0.613084137439728
1021384,0.550960794091225
1021387,0.613084137439728
1021400,0.613413095474243
1021402,0.613332629203796
1021407,0.0736114494502544
1021409,0.709867060184479
1021413,0.613084137439728
1021416,0.613084137439728
1021419,0.259118015567462
1021421,0.448190997044245
1021429,0.613281945387522
1021436,0.613084137439728
1021439,0.613084137439728
1021440,0.613084137439728
1021444,0.204901546239853
1021446,0.613084137439728
1021448,0.670411169528961
1021449,0.615587919950485
1021453,0.613616824150085
1021457,0.613084137439728
1021468,0.618272562821706
1021469,0.613084137439728
1021476,0.559601704279582
1021482,0.613084137439728
1021486,0.613084137439728
1021487,0.613084137439728
1021492,0.576493233442307
1021493,0.23971085002025
1021500,0.613084137439728
1021505,0.615112483501434
1021509,0.616074085235596
1021512,0.613084137439728
1021522,0.613084137439728
1021527,0.615530520677567
1021537,0.623793482780457
1021540,0.615837951501211
1021546,0.613084137439728
1021547,0.582895159721375
1021548,0.161260090768337
1021549,0.585077921549479
1021561,0.613084137439728
1021562,0.198380116373301
1021568,0.613084137439728
1021570,0.613084137439728
1021573,0.613084137439728
1021575,0.541534354289373
1021576,0.25500134130319
1021582,0.613921284675598
1021596,0.591082334518433
1021597,0.613084137439728
1021600,0.602812349796295
1021604,0.0501308497041464
1021606,0.822488009929657
1021612,0.389545649290085
1021617,0.530309945344925
1021621,0.613084137439728
1021623,0.613084137439728
1021631,0.437527507543564
1021632,0.614817500114441
1021642,0.57476011912028
1021643,0.613084137439728
1021647,0.4390589594841
1021659,0.336600236594677
1021662,0.646872778733571
1021669,0.542674705386162
1021670,0.418083861470222
1021676,0.613084137439728
1021689,0.674680590629578
1021696,0.699320634206136
1021707,0.521474421024323
1021722,0.577792823314667
1021723,0.540718416372935
1021731,0.117309175431728
1021732,0.613084137439728
1021737,0.184770315885544
1021739,0.613084137439728
1021749,0.613084137439728
1021751,0.280411049723625
1021758,0.240794360637665
1021768,0.615071296691895
1021769,0.613084137439728
1021772,0.0944998115301132
1021784,0.613084137439728
1021787,0.559533625841141
1021791,0.572506636381149
1021793,0.405568917592367
1021795,0.377256631851196
1021796,0.435118064284325
1021811,0.639500459035238
1021816,0.613084137439728
1021818,0.616354405879974
1021828,0.644509434700012
1021840,0.505882501602173
1021850,0.613948047161102
1021869,0.599698404471079
1021874,0.0384781882166862
1021876,0.613665342330933
1021880,0.613084137439728
1021886,0.613084137439728
1021891,0.41364778081576
1021894,0.613084137439728
1021896,0.613545566797256
1021901,0.613084137439728
1021905,0.61113452911377
1021906,0.613084137439728
1021914,0.613084137439728
1021919,0.385040124257406
1021932,0.613084137439728
1021933,0.614463418722153
1021935,0.613697588443756
1021953,0.437836637099584
1021961,0.613084137439728
1021962,0.73543781042099
1021963,0.613084137439728
1021970,0.613084137439728
1021972,0.613084137439728
1021981,0.629416644573212
1021992,0.0197190642356873
1021996,0.613084137439728
1022009,0.583242217699687
1022011,0.717981616655985
1022018,0.615053117275238
1022021,0.613084137439728
1022023,0.635062217712402
1022024,0.613084137439728
1022027,0.613084137439728
1022030,0.610529561837514
1022035,0.613084137439728
1022041,0.613084137439728
1022046,0.613084137439728
1022049,0.613084137439728
1022053,0.613084137439728
1022059,0.361904129385948
1022062,0.613084137439728
1022064,0.613084137439728
1022067,0.613084137439728
1022068,0.613266865412394
1022073,0.613084137439728
1022077,0.613084137439728
1022085,0.0607096366584301
1022086,0.542192041873932
1022087,0.138026833534241
1022088,0.591844499111176
1022089,0.530551920334498
1022102,0.613084137439728
1022116,0.250048225124677
1022120,0.589794794718424
1022127,0.651052415370941
1022128,0.613084137439728
1022129,0.584698041280111
1022144,0.669341087341309
1022151,0.523898899555206
1022155,0.370313093066216
1022158,0.142761334776878
1022159,0.613084137439728
1022163,0.613084137439728
1022166,0.613334278265635
1022167,0.598102509975433
1022168,0.250714133183161
1022177,0.638474762439728
1022183,0.371037423610687
1022191,0.613084137439728
1022193,0.540165454149246
1022195,0.613084137439728
1022196,0.404341191053391
1022203,0.613084137439728
1022213,0.545963903268178
1022220,0.487153182427088
1022221,0.616153657436371
1022222,0.613084137439728
1022229,0.613084137439728
1022233,0.61323086420695
1022239,0.61530002951622
1022248,0.613084137439728
1022249,0.569256186485291
1022252,0.613084137439728
1022255,0.613084137439728
1022257,0.613566994667053
1022259,0.613121449947357
1022265,0.613084137439728
1022270,0.613084137439728
1022278,0.585097193717957
1022280,0.618185579776764
1022282,0.619345247745514
1022283,0.613084137439728
1022290,0.613084137439728
1022296,0.613084137439728
1022297,0.613084137439728
1022298,0.613084137439728
1022300,0.613084137439728
1022304,0.366403629382451
1022305,0.602299243211746
1022306,0.613084137439728
1022308,0.613532841205597
1022313,0.237322777509689
1022317,0.613869706789652
1022324,0.412704706192017
1022326,0.581647753715515
1022330,0.613084137439728
1022331,0.613084137439728
1022336,0.613084137439728
1022348,0.645197212696075
1022351,0.613466799259186
1022353,0.648581624031067
1022360,0.613485395908356
1022363,0.591371387243271
1022365,0.793701380491257
1022371,0.613191207249959
1022377,0.113796975463629
1022383,0.0473237223923206
1022391,0.523717641830444
1022397,0.564072340726852
1022401,0.613084137439728
1022402,0.339298456907272
1022409,0.641475260257721
1022412,0.613084137439728
1022415,0.529852032661438
1022418,0.613084137439728
1022420,0.387264251708984
1022422,0.613084137439728
1022430,0.649934887886047
1022433,0.646506388982137
1022436,0.615488489468892
1022437,0.613084137439728
1022439,0.613084137439728
1022443,0.613084137439728
1022446,0.209546354909738
1022455,0.615298767884572
1022458,0.613525688648224
1022467,0.613084137439728
1022487,0.613084137439728
1022489,0.249322086572647
1022490,0.613362848758698
1022492,0.571440517902374
1022495,0.403667122125626
1022504,0.616133232911428
1022524,0.389334678649902
1022527,0.613084137439728
1022536,0.613084137439728
1022537,0.627031942208608
1022544,0.613084137439728
1022545,0.596774965524673
1022546,0.616848707199097
1022555,0.145668517798185
1022562,0.344143221775691
1022563,0.74463826417923
1022566,0.615563412507375
1022571,0.613084137439728
1022576,0.613084137439728
1022578,0.678053379058838
1022579,0.613084137439728
1022586,0.634335875511169
1022589,0.613084137439728
1022590,0.623199820518494
1022595,0.61368390917778
1022596,0.613084137439728
1022597,0.570145040750504
1022602,0.613084137439728
1022604,0.200890101492405
1022607,0.613084137439728
1022609,0.613084137439728
1022610,0.586114317178726
1022612,0.613264203071594
1022613,0.504631767670313
1022620,0.613084137439728
1022624,0.613084137439728
1022625,0.60475746790568
1022627,0.613755305608114
1022628,0.271358375747999
1022629,0.614521592855453
1022630,0.397398968537649
1022636,0.613703012466431
1022640,0.0608754605054855
1022643,0.613084137439728
1022645,0.613084137439728
1022648,0.613084137439728
1022649,0.613084137439728
1022652,0.574680030345917
1022658,0.455318361520767
1022661,0.613084137439728
1022676,0.613084137439728
1022681,0.613084137439728
1022683,0.493044659495354
1022690,0.613084137439728
1022692,0.466313302516937
1022695,0.259101144969463
1022696,0.613084137439728
1022702,0.428658127784729
1022704,0.294725500047207
1022705,0.613084137439728
1022711,0.613084137439728
1022713,0.613084137439728
1022718,0.482005059719086
1022724,0.428701311349869
1022728,0.613084137439728
1022731,0.586044907569885
1022736,0.375191003084183
1022739,0.613084137439728
1022743,0.319723077118397
1022744,0.613084137439728
1022746,0.600009143352509
1022749,0.599101483821869
1022753,0.613084137439728
1022754,0.378782168030739
1022763,0.613084137439728
1022765,0.613084137439728
1022767,0.617017865180969
1022770,0.015968746971339
1022775,0.61310350894928
1022777,0.554739773273468
1022781,0.276830762624741
1022785,0.128544829785824
1022786,0.123454670111338
1022788,0.611805260181427
1022791,0.613107055425644
1022793,0.492755800485611
1022803,0.523510277271271
1022808,0.0731176063418388
1022809,0.613084137439728
1022810,0.613084137439728
1022822,0.613084137439728
1022830,0.325407008330027
1022840,0.177386148522298
1022842,0.629621088504791
1022843,0.448456744352976
1022861,0.613084137439728
1022862,0.613084137439728
1022866,0.605362176895142
1022867,0.517359296480815
1022872,0.613084137439728
1022878,0.613084137439728
1022881,0.527058482170105
1022882,0.613084137439728
1022885,0.812995632489522
1022888,0.613286197185516
1022896,0.660382747650146
1022898,0.613084137439728
1022899,0.112469972421726
1022900,0.613084137439728
1022903,0.280392398436864
1022912,0.613084137439728
1022919,0.613084137439728
1022923,0.613084137439728
1022933,0.637007236480713
1022936,0.613084137439728
1022942,0.543499231338501
1022945,0.613084137439728
1022947,0.54607480764389
1022953,0.613084137439728
1022957,0.613084137439728
1022964,0.61383718252182
1022968,0.613084137439728
1022978,0.613867918650309
1022980,0.055052176117897
1022981,0.550674438476562
1022983,0.613084137439728
1022990,0.614619374275208
1022994,0.613358467817307
1022996,0.613084137439728
1022997,0.614950994650523
1022998,0.613084137439728
1023007,0.0322290407493711
1023008,0.195110983215272
1023023,0.613084137439728
1023028,0.629305601119995
1023029,0.613304734230042
1023033,0.609814643859863
1023035,0.573163350423177
1023038,0.340583831071854
1023045,0.623777429262797
1023049,0.64888588587443
1023058,0.613084137439728
1023062,0.613084137439728
1023065,0.229868292808533
1023067,0.27952316403389
1023081,0.563230991363525
1023090,0.613084137439728
1023091,0.613084137439728
1023100,0.613164663314819
1023111,0.613084137439728
1023127,0.613084137439728
1023133,0.0392238572239876
1023137,0.613084137439728
1023140,0.613084137439728
1023142,0.613084137439728
1023143,0.615971446037292
1023148,0.585308651129405
1023157,0.613084137439728
1023169,0.559736549854279
1023172,0.615052282810211
1023177,0.583456814289093
1023182,0.613084137439728
1023185,0.619676619768143
1023191,0.304043352603912
1023196,0.18237445751826
1023199,0.391325434048971
1023200,0.613084137439728
1023204,0.613084137439728
1023207,0.229314617812634
1023209,0.857470095157623
1023210,0.635050972302755
1023220,0.613084137439728
1023225,0.629644552866618
1023226,0.625010073184967
1023227,0.173027873039246
1023228,0.613084137439728
1023234,0.759978175163269
1023237,0.613084137439728
1023240,0.613084137439728
1023243,0.613084137439728
1023244,0.613249808549881
1023246,0.614550590515137
1023250,0.613084137439728
1023256,0.622953156630198
1023257,0.617688536643982
1023268,0.613084137439728
1023270,0.572889824708303
1023274,0.613265514373779
1023275,0.613084137439728
1023284,0.613084137439728
1023287,0.613084137439728
1023297,0.701880514621735
1023298,0.611373682816823
1023301,0.613084137439728
1023318,0.613084137439728
1023320,0.422454575697581
1023325,0.613084137439728
1023328,0.613084137439728
1023330,0.682626605033875
1023332,0.613084137439728
1023343,0.613084137439728
1023344,0.613084137439728
1023345,0.61311415831248
1023347,0.6082703769207
1023348,0.613084137439728
1023350,0.614063024520874
1023353,0.403360635042191
1023354,0.330731968084971
1023357,0.613084137439728
1023359,0.613084137439728
1023366,0.613084137439728
1023368,0.703402539094289
1023375,0.613084137439728
1023376,0.0184469024340312
1023378,0.415042400360107
1023381,0.137958824634552
1023393,0.235431020458539
1023395,0.54179722070694
1023403,0.613084137439728
1023411,0.613084137439728
1023417,0.613084137439728
1023419,0.613084137439728
1023420,0.613084137439728
1023421,0.613640348116557
1023427,0.613430718580882
1023429,0.613084137439728
1023434,0.599502782026927
1023438,0.613084137439728
1023440,0.332224398851395
1023446,0.613084137439728
1023448,0.614304840564728
1023450,0.613084137439728
1023451,0.625580549240112
1023460,0.613084137439728
1023464,0.618327289819717
1023468,0.452453215916951
1023470,0.5908176501592
1023473,0.613084137439728
1023475,0.750603755315145
1023477,0.531854510307312
1023481,0.613084137439728
1023484,0.318956037362417
1023488,0.0589177124202251
1023489,0.532108068466187
1023491,0.160604617247979
1023492,0.613710433244705
1023493,0.622144341468811
1023499,0.613084137439728
1023515,0.466637432575226
1023517,0.613084137439728
1023519,0.613084137439728
1023520,0.613791227340698
1023526,0.613084137439728
1023527,0.0527299046516418
1023528,0.3807532787323
1023529,0.613084137439728
1023531,0.613084137439728
1023534,0.613084137439728
1023548,0.317570775747299
1023551,0.635379532972972
1023557,0.125218102708459
1023566,0.613084137439728
1023573,0.613084137439728
1023576,0.060154277831316
1023582,0.613084137439728
1023591,0.613084137439728
1023593,0.590622305870056
1023594,0.613084137439728
1023595,0.300749654571215
1023610,0.613084137439728
1023612,0.613084137439728
1023620,0.613084137439728
1023623,0.613084137439728
1023626,0.625640869140625
1023632,0.613084137439728
1023633,0.662159293889999
1023639,0.612536489963531
1023645,0.667420387268066
1023650,0.613084137439728
1023652,0.613084137439728
1023654,0.788434028625488
1023656,0.62825471162796
1023670,0.613084137439728
1023676,0.23050832003355
1023682,0.605884075164795
1023687,0.632161180178324
1023688,0.613084137439728
1023691,0.613525529702505
1023710,0.613084137439728
1023712,0.661288559436798
1023713,0.613084137439728
1023714,0.613084137439728
1023717,0.613532265027364
1023719,0.50077360868454
1023721,0.613084137439728
1023726,0.411296218633652
1023743,0.514552026987076
1023749,0.613084137439728
1023754,0.415244430303574
1023761,0.613294988870621
1023766,0.661843419075012
1023769,0.613084137439728
1023781,0.508034154772758
1023786,0.613084137439728
1023789,0.613084137439728
1023791,0.613084137439728
1023793,0.473790436983109
1023799,0.613084137439728
1023802,0.0117392661049962
1023805,0.601455708344777
1023812,0.613084137439728
1023818,0.614903410275777
1023825,0.61353600025177
1023826,0.0423661048989743
1023834,0.613084137439728
1023835,0.613084137439728
1023837,0.546625733375549
1023842,0.546396315097809
1023848,0.613084137439728
1023856,0.613084137439728
1023859,0.612119495868683
1023860,0.613084137439728
1023861,0.608571350574493
1023862,0.613084137439728
1023865,0.437075242400169
1023869,0.606126606464386
1023873,0.62317755818367
1023882,0.613084137439728
1023884,0.614373087882996
1023891,0.613084137439728
1023892,0.613084137439728
1023894,0.613084137439728
1023895,0.644250333309174
1023903,0.610458056131999
1023905,0.613084137439728
1023907,0.739699184894562
1023916,0.613084137439728
1023918,0.570042908191681
1023920,0.613084137439728
1023923,0.42634528875351
1023926,0.613084137439728
1023927,0.326911727587382
1023929,0.367064446210861
1023933,0.616666038831075
1023935,0.613084137439728
1023940,0.608959158261617
1023948,0.613084137439728
1023955,0.613815188407898
1023959,0.613084137439728
1023960,0.468376298745473
1023968,0.52826534708341
1023971,0.613084137439728
1023976,0.614195346832275
1023980,0.32588470975558
1023981,0.754524827003479
1023988,0.613738715648651
1023991,0.613084137439728
1023997,0.528157025575638
1024003,0.468677252531052
1024008,0.553038194775581
1024009,0.613176167011261
1024010,0.613084137439728
1024011,0.613084137439728
1024019,0.382468983530998
1024021,0.310596436262131
1024027,0.651280403137207
1024039,0.4206356604894
1024043,0.589270383119583
1024047,0.613084137439728
1024056,0.613084137439728
1024065,0.613084137439728
1024068,0.613084137439728
1024069,0.613084137439728
1024084,0.61631914973259
1024086,0.138845515747865
1024087,0.613084137439728
1024089,0.475355565547943
1024111,0.613084137439728
1024117,0.0244221370667219
1024123,0.426781952381134
1024133,0.613084137439728
1024135,0.613084137439728
1024137,0.614033460617065
1024140,0.50432550907135
1024152,0.0243944134563208
1024154,0.613084137439728
1024156,0.613084137439728
1024159,0.232450529932976
1024161,0.220305928339561
1024166,0.613840699195862
1024170,0.613084137439728
1024171,0.539804816246033
1024180,0.613084137439728
1024181,0.646043509244919
1024189,0.735745052496592
